-0 	-0 	0.114592 	0.114592 	-0 	-0 	0 	0.114592 	0.114592 	0
-0 	-0 	0.229183 	0.229183 	-0 	-0 	0 	0.229183 	0.229183 	0
-0 	-0 	0.343775 	0.343775 	-0 	-0 	0 	0.343775 	0.343775 	0
-0 	-0 	0.458366 	0.458366 	-0 	-0 	0 	0.458366 	0.458366 	0
-0 	-0 	0.572958 	0.572958 	-0 	-0 	0 	0.572958 	0.572958 	0
-0 	-0 	0.687549 	0.687549 	-0 	-0 	0 	0.687549 	0.687549 	0
-0 	-0 	0.802141 	0.802141 	-0 	-0 	0 	0.802141 	0.802141 	0
-0 	-0 	0.916732 	0.916732 	-0 	-0 	0 	0.916732 	0.916732 	0
-0 	-0 	1.03132 	1.03132 	-0 	-0 	0 	1.03132 	1.03132 	0
-0 	-0 	1.14592 	1.14592 	-0 	-0 	0 	1.14592 	1.14592 	0
-0 	-0 	1.26051 	1.26051 	-0 	-0 	0 	1.26051 	1.26051 	0
-0 	-0 	1.3751 	1.3751 	-0 	-0 	0 	1.3751 	1.3751 	0
-0 	-0 	1.48969 	1.48969 	-0 	-0 	0 	1.48969 	1.48969 	0
-0 	-0 	1.60428 	1.60428 	-0 	-0 	0 	1.60428 	1.60428 	0
-0 	-0 	1.71887 	1.71887 	-0 	-0 	0 	1.71887 	1.71887 	0
-0 	-0 	1.83346 	1.83346 	-0 	-0 	0 	1.83346 	1.83346 	0
-0 	-0 	1.94806 	1.94806 	-0 	-0 	0 	1.94806 	1.94806 	0
-0 	-0 	2.06265 	2.06265 	-0 	-0 	0 	2.06265 	2.06265 	0
-0 	-0 	2.17724 	2.17724 	-0 	-0 	0 	2.17724 	2.17724 	0
-0 	-0 	2.29183 	2.29183 	-0 	-0 	0 	2.29183 	2.29183 	0
-0 	-0 	2.40642 	2.40642 	-0 	-0 	0 	2.40642 	2.40642 	0
-0 	-0 	2.52101 	2.52101 	-0 	-0 	0 	2.52101 	2.52101 	0
-0 	-0 	2.63561 	2.63561 	-0 	-0 	0 	2.63561 	2.63561 	0
-0 	-0 	2.7502 	2.7502 	-0 	-0 	0 	2.7502 	2.7502 	0
-0 	-0 	2.86479 	2.86479 	-0 	-0 	0 	2.86479 	2.86479 	0
-0 	-0 	2.97938 	2.97938 	-0 	-0 	0 	2.97938 	2.97938 	0
-0 	-0 	3.09397 	3.09397 	-0 	-0 	0 	3.09397 	3.09397 	0
-0 	-0 	3.20856 	3.20856 	-0 	-0 	0 	3.20856 	3.20856 	0
-0 	-0 	3.32316 	3.32316 	-0 	-0 	0 	3.32316 	3.32316 	0
-0 	-0 	3.43775 	3.43775 	-0 	-0 	0 	3.43775 	3.43775 	0
-0 	-0 	3.55234 	3.55234 	-0 	-0 	0 	3.55234 	3.55234 	0
-0 	-0 	3.66693 	3.66693 	-0 	-0 	0 	3.66693 	3.66693 	0
-0 	-0 	3.78152 	3.78152 	-0 	-0 	0 	3.78152 	3.78152 	0
-0 	-0 	3.89611 	3.89611 	-0 	-0 	0 	3.89611 	3.89611 	0
-0 	-0 	4.0107 	4.0107 	-0 	-0 	0 	4.0107 	4.0107 	0
-0 	-0 	4.1253 	4.1253 	-0 	-0 	0 	4.1253 	4.1253 	0
-0 	-0 	4.23989 	4.23989 	-0 	-0 	0 	4.23989 	4.23989 	0
-0 	-0 	4.35448 	4.35448 	-0 	-0 	0 	4.35448 	4.35448 	0
-0 	-0 	4.46907 	4.46907 	-0 	-0 	0 	4.46907 	4.46907 	0
-0 	-0 	4.58366 	4.58366 	-0 	-0 	0 	4.58366 	4.58366 	0
-0 	-0 	4.69825 	4.69825 	-0 	-0 	0 	4.69825 	4.69825 	0
-0 	-0 	4.81285 	4.81285 	-0 	-0 	0 	4.81285 	4.81285 	0
-0 	-0 	4.92744 	4.92744 	-0 	-0 	0 	4.92744 	4.92744 	0
-0 	-0 	5.04203 	5.04203 	-0 	-0 	0 	5.04203 	5.04203 	0
-0 	-0 	5.15662 	5.15662 	-0 	-0 	0 	5.15662 	5.15662 	0
-0 	-0 	5.27121 	5.27121 	-0 	-0 	0 	5.27121 	5.27121 	0
-0 	-0 	5.3858 	5.3858 	-0 	-0 	0 	5.3858 	5.3858 	0
-0 	-0 	5.50039 	5.50039 	-0 	-0 	0 	5.50039 	5.50039 	0
-0 	-0 	5.61499 	5.61499 	-0 	-0 	0 	5.61499 	5.61499 	0
-0 	-0 	5.72958 	5.72958 	-0 	-0 	0 	5.72958 	5.72958 	0
-0 	-0 	5.84417 	5.84417 	-0 	-0 	0 	5.84417 	5.84417 	0
-0 	-0 	5.95876 	5.95876 	-0 	-0 	0 	5.95876 	5.95876 	0
-0 	-0 	6.07335 	6.07335 	-0 	-0 	0 	6.07335 	6.07335 	0
-0 	-0 	6.18794 	6.18794 	-0 	-0 	0 	6.18794 	6.18794 	0
-0 	-0 	6.30254 	6.30254 	-0 	-0 	0 	6.30254 	6.30254 	0
-0 	-0 	6.41713 	6.41713 	-0 	-0 	0 	6.41713 	6.41713 	0
-0 	-0 	6.53172 	6.53172 	-0 	-0 	0 	6.53172 	6.53172 	0
-0 	-0 	6.64631 	6.64631 	-0 	-0 	0 	6.64631 	6.64631 	0
-0 	-0 	6.7609 	6.7609 	-0 	-0 	0 	6.7609 	6.7609 	0
-0 	-0 	6.87549 	6.87549 	-0 	-0 	0 	6.87549 	6.87549 	0
-0 	-0 	6.99009 	6.99009 	-0 	-0 	0 	6.99009 	6.99009 	0
-0 	-0 	7.10468 	7.10468 	-0 	-0 	0 	7.10468 	7.10468 	0
-0 	-0 	7.21927 	7.21927 	-0 	-0 	0 	7.21927 	7.21927 	0
-0 	-0 	7.33386 	7.33386 	-0 	-0 	0 	7.33386 	7.33386 	0
-0 	-0 	7.44845 	7.44845 	-0 	-0 	0 	7.44845 	7.44845 	0
-0 	-0 	7.56304 	7.56304 	-0 	-0 	0 	7.56304 	7.56304 	0
-0 	-0 	7.67763 	7.67763 	-0 	-0 	0 	7.67763 	7.67763 	0
-0 	-0 	7.79223 	7.79223 	-0 	-0 	0 	7.79223 	7.79223 	0
-0 	-0 	7.90682 	7.90682 	-0 	-0 	0 	7.90682 	7.90682 	0
-0 	-0 	8.02141 	8.02141 	-0 	-0 	0 	8.02141 	8.02141 	0
-0 	-0 	8.136 	8.136 	-0 	-0 	0 	8.136 	8.136 	0
-0 	-0 	8.25059 	8.25059 	-0 	-0 	0 	8.25059 	8.25059 	0
-0 	-0 	8.36518 	8.36518 	-0 	-0 	0 	8.36518 	8.36518 	0
-0 	-0 	8.47978 	8.47978 	-0 	-0 	0 	8.47978 	8.47978 	0
-0 	-0 	8.59437 	8.59437 	-0 	-0 	0 	8.59437 	8.59437 	0
-0 	-0 	8.70896 	8.70896 	-0 	-0 	0 	8.70896 	8.70896 	0
-0 	-0 	8.82355 	8.82355 	-0 	-0 	0 	8.82355 	8.82355 	0
-0 	-0 	8.93814 	8.93814 	-0 	-0 	0 	8.93814 	8.93814 	0
-0 	-0 	9.05273 	9.05273 	-0 	-0 	0 	9.05273 	9.05273 	0
-0 	-0 	9.16732 	9.16732 	-0 	-0 	0 	9.16732 	9.16732 	0
