-1.0231402e-01   5.0729656e-01   3.2952605e+00   2.9458698e+00  -3.0889576e-04  -9.8754167e-02  -5.0746244e-01   3.8519039e+00   2.6523595e+00   1.6936338e-03
  -1.0174441e-01   4.4254924e-01   3.4996459e+00   3.1286930e+00  -1.5111638e-04  -7.6490164e-02  -4.4812815e-01   7.0004007e+00   4.4475860e+00   5.7602046e-03
  -1.0211160e-01   3.8461212e-01   3.7142547e+00   3.3224751e+00   3.3165809e-04  -8.7648432e-02  -3.8770128e-01   7.1148048e+00   4.6227229e+00   9.0912745e-03
  -1.0116340e-01   3.3465095e-01   3.9442383e+00   3.5279709e+00   1.2079173e-03  -9.1241209e-02  -3.3674171e-01   7.2542462e+00   4.8028267e+00   1.0090268e-02
  -1.0222046e-01   2.9109777e-01   4.1722693e+00   3.7329746e+00   2.5313804e-03  -8.5683860e-02  -2.9486025e-01   7.3481271e+00   4.9573241e+00   1.0341925e-02
  -1.0099569e-01   2.5364578e-01   4.4103026e+00   3.9450134e+00   4.1735826e-03  -6.5836821e-02  -2.6199004e-01   1.0371417e+01   6.0239912e+00   8.8152588e-03
  -1.0103919e-01   2.2311333e-01   4.6474031e+00   4.1581433e+00   6.2719017e-03  -5.9648498e-02  -2.3300533e-01   1.0446116e+01   6.1484485e+00   8.9142133e-03
  -1.0104493e-01   1.9570011e-01   4.8822244e+00   4.3685419e+00   8.6998950e-03  -7.2577392e-02  -2.0249137e-01   7.6828224e+00   5.4190818e+00   1.0413661e-02
  -1.0149554e-01   1.7101029e-01   5.1138254e+00   4.5761443e+00   1.1482912e-02  -5.9968860e-02  -1.8101248e-01   1.0572843e+01   6.3864011e+00   8.6769561e-03
  -9.7571244e-02   1.5376215e-01   5.3560069e+00   4.7907163e+00   1.4614018e-02  -8.4694869e-02  -1.5680951e-01   8.0400983e+00   5.7613716e+00   4.9958426e-03
  -9.9307945e-02   1.3260867e-01   5.5741584e+00   4.9882962e+00   1.8076756e-02  -8.6566040e-02  -1.3563646e-01   8.0083593e+00   5.8518884e+00   2.5093030e-03
  -9.9606246e-02   1.1526908e-01   5.7923476e+00   5.1837928e+00   2.1919672e-02  -9.6084942e-02  -1.1606570e-01   7.8390648e+00   5.8868495e+00  -1.1704581e-03
  -1.0155843e-01   9.7403186e-02   6.0027318e+00   5.3728872e+00   2.6073575e-02  -7.8689352e-02  -1.0292032e-01   1.0837714e+01   6.8423439e+00  -1.6534651e-03
  -1.0163402e-01   8.2782321e-02   6.2126218e+00   5.5611151e+00   3.0559525e-02  -7.6588368e-02  -8.8844347e-02   1.0889501e+01   6.9500730e+00  -2.1445859e-03
  -9.9974886e-02   6.7378025e-02   6.4160357e+00   5.7438278e+00   3.5350975e-02  -7.3810853e-02  -7.3721663e-02   1.0962472e+01   7.0628822e+00  -2.8024459e-03
  -1.0031970e-01   5.4713224e-02   6.6168083e+00   5.9239184e+00   4.0489706e-02  -8.8943627e-02  -5.7455051e-02   8.5446677e+00   6.5329569e+00  -6.3188718e-03
  -1.0059219e-01   4.2572764e-02   6.8130821e+00   6.0999874e+00   4.5952427e-02  -7.4581180e-02  -4.8884385e-02   1.1092424e+01   7.2779304e+00  -6.3639260e-03
  -9.8146350e-02   3.3525458e-02   7.0090493e+00   6.2764797e+00   5.1753835e-02  -9.0984493e-02  -3.5250368e-02   8.7494219e+00   6.7910237e+00  -1.3056807e-02
  -1.0080891e-01   2.0740959e-02   7.1940476e+00   6.4414764e+00   5.7859072e-02  -9.5877657e-02  -2.1924616e-02   8.6040105e+00   6.8362712e+00  -2.7626456e-02
  -1.0089752e-01   9.2974326e-03   7.3776350e+00   6.6062707e+00   6.4295879e-02  -9.4239462e-02  -1.0905888e-02   8.9701620e+00   7.0489532e+00  -3.2750130e-02
  -9.8528629e-02  -1.6227028e-03   7.5567009e+00   6.7687458e+00   7.1041882e-02  -7.9447525e-02  -3.0153201e-03   1.1362094e+01   7.7020405e+00  -2.9243906e-02
  -1.0171281e-01  -1.3847739e-02   7.7328328e+00   6.9255849e+00   7.8168884e-02  -7.7571280e-02   7.9658982e-03   1.1416478e+01   7.8040532e+00  -3.0622874e-02
  -1.0161251e-01  -2.6135924e-02   7.9045781e+00   7.0796585e+00   8.5606641e-02  -9.1975088e-02   2.3791393e-02   9.3078262e+00   7.4333238e+00  -4.2313272e-02
  -1.0168463e-01  -3.7278300e-02   8.0740018e+00   7.2319399e+00   9.3396449e-02  -9.0186391e-02   3.4477290e-02   9.4198307e+00   7.5587612e+00  -4.9124533e-02
  -1.0173572e-01  -4.8489623e-02   8.2402988e+00   7.3814452e+00   1.0153822e-01  -8.9170592e-02   4.5424578e-02   9.4897310e+00   7.6715544e+00  -5.5649850e-02
  -1.2553862e-01  -4.8012322e-02   8.4165567e+00   7.5447792e+00   1.0998438e-01  -9.1986832e-02   3.9823003e-02   9.6248500e+00   7.7895662e+00  -5.9423454e-02
  -1.2595920e-01  -5.9387866e-02   8.5765024e+00   7.6892124e+00   1.1887341e-01  -7.7083479e-02   4.7449725e-02   1.1759394e+01   8.3103685e+00  -5.2004070e-02
  -1.2535911e-01  -7.2196072e-02   8.7329765e+00   7.8292865e+00   1.2807668e-01  -9.3961645e-02   6.4523528e-02   9.8330956e+00   8.0306721e+00  -7.0237203e-02
  -1.2637705e-01  -8.3729952e-02   8.8871927e+00   7.9695188e+00   1.3777131e-01  -7.9488512e-02   7.2264525e-02   1.1890190e+01   8.5137189e+00  -6.1990652e-02
  -1.0177534e-01  -1.0674133e-01   9.0294592e+00   8.0913456e+00   1.4782885e-01  -8.7514349e-02   1.0325239e-01   1.0034501e+01   8.2772899e+00  -7.8755126e-02
  -1.0217698e-01  -1.1845904e-01   9.1799044e+00   8.2276178e+00   1.5827564e-01  -8.3862674e-02   1.1397327e-01   1.0173313e+01   8.4028618e+00  -8.0098603e-02
  -1.0217373e-01  -1.3149573e-01   9.3280660e+00   8.3604697e+00   1.6914833e-01  -8.0307413e-02   1.2613728e-01   1.0282462e+01   8.5204537e+00  -8.4623067e-02
  -1.0215871e-01  -1.4462555e-01   9.4737371e+00   8.4915836e+00   1.8046204e-01  -6.5016172e-02   1.3552736e-01   1.2160326e+01   8.9260561e+00  -8.4899209e-02
  -1.0214860e-01  -1.5810702e-01   9.6172811e+00   8.6208192e+00   1.9223130e-01  -7.7647216e-02   1.5209520e-01   1.0531014e+01   8.7597719e+00  -1.1215115e-01
  -1.0169437e-01  -1.7224596e-01   9.7586250e+00   8.7478002e+00   2.0446686e-01  -7.4464876e-02   1.6556757e-01   1.0582352e+01   8.8626697e+00  -1.1610276e-01
  -1.0168469e-01  -1.8639867e-01   9.8982893e+00   8.8736201e+00   2.1719600e-01  -7.0788703e-02   1.7881512e-01   1.0707499e+01   8.9802075e+00  -1.1972178e-01
  -1.0167597e-01  -2.0096888e-01   1.0036086e+01   8.9977724e+00   2.3043348e-01  -6.7624326e-02   1.9260958e-01   1.0779936e+01   9.0865520e+00  -1.2649882e-01
  -1.0309200e-01  -2.1802686e-01   1.0169164e+01   9.1183765e+00   2.4423208e-01  -6.3955732e-02   2.0841783e-01   1.0919695e+01   9.2059100e+00  -1.3561353e-01
  -1.0189730e-01  -2.3035745e-01   1.0308348e+01   9.2424414e+00   2.5854520e-01  -5.0248437e-02   2.1767117e-01   1.2560807e+01   9.5165498e+00  -1.1895651e-01
  -1.0194367e-01  -2.4674003e-01   1.0440653e+01   9.3614154e+00   2.7342349e-01  -4.6559617e-02   2.3312832e-01   1.2651145e+01   9.6156363e+00  -1.2195635e-01
  -1.0103176e-01  -2.6335692e-01   1.0569582e+01   9.4795802e+00   2.8888283e-01  -4.3122758e-02   2.4912604e-01   1.2714810e+01   9.7127902e+00  -1.2543435e-01
  -1.0084618e-01  -2.7951420e-01   1.0698697e+01   9.5970406e+00   3.0496829e-01  -4.8228049e-02   2.6657909e-01   1.1348504e+01   9.6460668e+00  -1.0941434e-01
  -1.0130528e-01  -2.9826533e-01   1.0826681e+01   9.7112233e+00   3.2171918e-01  -3.3771900e-02   2.8166158e-01   1.2849332e+01   9.9052362e+00  -1.0199709e-01
  -1.0136245e-01  -3.1664355e-01   1.0952902e+01   9.8250558e+00   3.3913171e-01  -3.0085383e-02   2.9911495e-01   1.2669319e+01   9.9845402e+00  -1.2494308e-01
  -1.0139616e-01  -3.3566926e-01   1.1077658e+01   9.9376143e+00   3.5724396e-01  -3.2705944e-02   3.1877160e-01   1.1517009e+01   9.9463360e+00  -1.7817482e-01
  -1.0141539e-01  -3.5538014e-01   1.1200997e+01   1.0048929e+01   3.7608569e-01  -3.2285689e-02   3.3837123e-01   1.1752886e+01   1.0071077e+01  -1.8886535e-01
  -1.0142624e-01  -3.7581165e-01   1.1322961e+01   1.0159031e+01   3.9568806e-01  -1.4213145e-02   3.5434753e-01   1.1859379e+01   1.0176184e+01  -1.9584181e-01
  -1.0143245e-01  -3.9700034e-01   1.1443588e+01   1.0267950e+01   4.1608376e-01  -5.9487226e-03   3.7349783e-01   1.1936497e+01   1.0276977e+01  -2.0517149e-01
  -1.0143629e-01  -4.1898379e-01   1.1562914e+01   1.0375715e+01   4.3730705e-01  -4.6912596e-03   3.9516094e-01   1.1934834e+01   1.0367565e+01  -2.3019386e-01
  -1.0179546e-01  -4.4097425e-01   1.1682503e+01   1.0483029e+01   4.5942242e-01   3.6161005e-03   4.1500428e-01   1.3338903e+01   1.0567541e+01  -2.0194913e-01
  -1.0199998e-01  -4.6569310e-01   1.1797372e+01   1.0587784e+01   4.8241125e-01   2.2558659e-02   4.3500626e-01   1.2297551e+01   1.0589798e+01  -9.4516841e-02
  -1.0199182e-01  -4.9029402e-01   1.1912961e+01   1.0692252e+01   5.0634058e-01   2.6888004e-02   4.5853267e-01   1.2339794e+01   1.0684632e+01  -1.1750155e-01
  -1.0198226e-01  -5.1585167e-01   1.2027363e+01   1.0795666e+01   5.3125116e-01   3.8751456e-02   4.8116090e-01   1.3335515e+01   1.0840709e+01  -1.3775499e-01
  -1.0197355e-01  -5.4240833e-01   1.2140603e+01   1.0898048e+01   5.5718643e-01   4.2223071e-02   5.0685579e-01   1.2538953e+01   1.0883846e+01  -1.7381664e-01
  -1.0207031e-01  -5.7047185e-01   1.2252609e+01   1.0999288e+01   5.8418003e-01   4.6494825e-02   5.3383117e-01   1.2626224e+01   1.0981831e+01  -1.8437045e-01
  -1.0204245e-01  -5.9921235e-01   1.2363577e+01   1.1099609e+01   6.1229636e-01   4.9300071e-02   5.6187646e-01   1.2714493e+01   1.1078822e+01  -2.0613969e-01
  -1.0458886e-01  -6.6247493e-01   1.2429869e+01   1.1174047e+01   6.4153704e-01   6.4080882e-02   6.2101316e-01   1.2774253e+01   1.1192996e+01  -2.4137064e-01
  -1.0713372e-01  -7.2239757e-01   1.2501979e+01   1.1251627e+01   6.7201143e-01   7.3813652e-02   6.7805821e-01   1.3715458e+01   1.1336703e+01  -2.5940280e-01
  -1.2848869e-01  -6.8853652e-01   1.2689730e+01   1.1402130e+01   7.0378982e-01   6.2134072e-02   6.4146807e-01   1.2962208e+01   1.1358877e+01  -3.2874254e-01
  -1.2705283e-01  -7.7305646e-01   1.2750176e+01   1.1460428e+01   7.3689360e-01  -4.8588801e-02   7.5387547e-01   1.2941013e+01   1.1476374e+01  -7.5101594e-01
  -1.2685887e-01  -7.5547482e-01   1.2902746e+01   1.1594860e+01   7.7139540e-01  -5.3344668e-02   7.3729781e-01   1.3229731e+01   1.1550609e+01  -7.3382417e-01
  -1.2712501e-01  -8.4271868e-01   1.2961575e+01   1.1652558e+01   8.0729071e-01  -3.2600769e-02   8.1957498e-01   1.3249598e+01   1.1669860e+01  -7.3140850e-01
  -1.2663837e-01  -8.3022406e-01   1.3110361e+01   1.1782818e+01   8.4476948e-01  -3.3323630e-02   8.0714247e-01   1.3411744e+01   1.1735901e+01  -7.2498298e-01
  -1.2713523e-01  -9.1955747e-01   1.3168053e+01   1.1840071e+01   8.8372797e-01  -1.1304906e-02   8.9115118e-01   1.3462866e+01   1.1854775e+01  -7.5331785e-01
  -1.2647121e-01  -9.1116855e-01   1.3313881e+01   1.1967194e+01   9.2444736e-01  -9.2185383e-03   8.8215510e-01   1.3545067e+01   1.1917164e+01  -7.7322978e-01
  -1.2711047e-01  -1.0027524e+00   1.3370529e+01   1.2024007e+01   9.6674969e-01   1.2473004e-02   9.6847520e-01   1.3654912e+01   1.2035596e+01  -7.7756535e-01
  -1.0109744e-01  -1.0008905e+00   1.3516539e+01   1.2142663e+01   1.0109869e+00   1.3209032e-02   9.7259011e-01   1.3745660e+01   1.2102081e+01  -7.8251601e-01
  -1.0390496e-01  -1.0750415e+00   1.3581118e+01   1.2213130e+01   1.0570111e+00   4.0011593e-02   1.0395916e+00   1.4450342e+01   1.2195714e+01  -7.2513602e-01
  -1.0574863e-01  -1.1493534e+00   1.3649959e+01   1.2284273e+01   1.1049426e+00   5.0732947e-02   1.1109817e+00   1.3884487e+01   1.2308687e+01  -8.0962821e-01
  -1.0722166e-01  -1.2228469e+00   1.3721045e+01   1.2356612e+01   1.1549120e+00   7.6125777e-02   1.1780097e+00   1.4597205e+01   1.2392455e+01  -7.4899692e-01
  -1.0033745e-01  -1.1971191e+00   1.3904482e+01   1.2494760e+01   1.2071814e+00   7.2664364e-02   1.1542383e+00   1.4650638e+01   1.2433284e+01  -7.7028898e-01
  -1.0400722e-01  -1.2854805e+00   1.3961723e+01   1.2558331e+01   1.2615655e+00  -1.0816231e-02   1.2626225e+00   1.4447332e+01   1.2546801e+01  -1.4035671e+00
  -1.0581376e-01  -1.3720053e+00   1.4023127e+01   1.2623849e+01   1.3181817e+00   5.8560868e-03   1.3448116e+00   1.4319700e+01   1.2653674e+01  -1.4367022e+00
  -1.0030659e-01  -1.3690230e+00   1.4182813e+01   1.2747710e+01   1.3774181e+00   4.1152003e-03   1.3431208e+00   1.4310020e+01   1.2704141e+01  -1.4428804e+00
  -1.0401153e-01  -1.4669395e+00   1.4235376e+01   1.2807381e+01   1.4390316e+00   2.8812126e-02   1.4342971e+00   1.4384313e+01   1.2807169e+01  -1.4235245e+00
  -1.0567502e-01  -1.5625570e+00   1.4293644e+01   1.2869302e+01   1.5032210e+00   5.5894505e-02   1.5230878e+00   1.4532008e+01   1.2904211e+01  -1.4091100e+00
  -1.0063494e-01  -1.5647265e+00   1.4450189e+01   1.2991101e+01   1.5704493e+00   5.3183768e-02   1.5265700e+00   1.4871058e+01   1.2933996e+01  -1.3445825e+00
  -1.0324466e-01  -1.6609331e+00   1.4511214e+01   1.3054018e+01   1.6403262e+00   7.4552277e-02   1.6170726e+00   1.4669578e+01   1.3042470e+01  -1.4131692e+00
  -1.0443333e-01  -1.7565378e+00   1.4574858e+01   1.3118287e+01   1.7131591e+00   1.0150094e-01   1.7059336e+00   1.4722062e+01   1.3135079e+01  -1.4355611e+00
  -1.0543073e-01  -1.8525432e+00   1.4640852e+01   1.3183286e+01   1.7891287e+00  -6.4524327e-02   1.8430668e+00   1.4893243e+01   1.3217788e+01  -1.8004253e+00
  -1.0097913e-01  -1.8616905e+00   1.4792930e+01   1.3303352e+01   1.8686820e+00  -6.0214964e-02   1.8515325e+00   1.4953970e+01   1.3255399e+01  -1.7878684e+00
  -1.0348974e-01  -1.9807966e+00   1.4839992e+01   1.3355789e+01   1.9512953e+00  -2.3822170e-02   1.9613799e+00   1.4974171e+01   1.3354384e+01  -1.8013945e+00
  -9.8363882e-02  -2.0310725e+00   1.4954173e+01   1.3450424e+01   2.0376578e+00   1.3315766e-02   2.0032971e+00   1.5431375e+01   1.3375180e+01  -1.6560349e+00
  -1.0272819e-01  -2.1613417e+00   1.4997276e+01   1.3499064e+01   2.1275411e+00   2.7718189e-02   2.1293907e+00   1.5096418e+01   1.3504956e+01  -1.7783742e+00
  -1.0284334e-01  -2.2124838e+00   1.5109314e+01   1.3595006e+01   2.2216401e+00   4.0426156e-02   2.1768239e+00   1.5128959e+01   1.3553063e+01  -1.7733000e+00
  -1.0283896e-01  -2.3372401e+00   1.5164547e+01   1.3648391e+01   2.3194255e+00   2.7765307e-02   2.3050708e+00   1.5197537e+01   1.3639208e+01  -2.3014926e+00
  -1.0463840e-01  -2.4810526e+00   1.5190043e+01   1.3690921e+01   2.4212736e+00  -1.2887313e-01   2.4878903e+00   1.5382000e+01   1.3719232e+01  -2.3651359e+00
  -1.0160188e-01  -2.5224362e+00   1.5334238e+01   1.3796333e+01   2.5281921e+00  -1.1521709e-01   2.5257597e+00   1.5446295e+01   1.3750006e+01  -2.3426127e+00
  -1.0199514e-01  -2.6644308e+00   1.5357381e+01   1.3841113e+01   2.6390457e+00  -7.8904043e-02   2.6590990e+00   1.5426953e+01   1.3838003e+01  -2.3595446e+00
  -1.0217881e-01  -2.8027553e+00   1.5431336e+01   1.3891589e+01   2.7548973e+00  -1.9672758e-03   2.7786151e+00   1.5491599e+01   1.3917404e+01  -2.7239057e+00
  -1.0212558e-01  -2.8718446e+00   1.5535178e+01   1.3982533e+01   2.8761561e+00   5.2947605e-02   2.8332572e+00   1.5884819e+01   1.3909862e+01  -2.5187733e+00
  -1.0324056e-01  -3.0356166e+00   1.5561534e+01   1.4018315e+01   3.0019761e+00   9.4730431e-03   3.0082123e+00   1.5824695e+01   1.4002900e+01  -3.0345325e+00
  -1.0467731e-01  -3.1975449e+00   1.5596352e+01   1.4056389e+01   3.1332923e+00   4.2905217e-02   3.1620394e+00   1.5794054e+01   1.4086468e+01  -3.0584768e+00
  -1.0155893e-01  -3.2678240e+00   1.5715836e+01   1.4149588e+01   3.2710133e+00   5.8873526e-02   3.2279157e+00   1.5808960e+01   1.4107982e+01  -3.0558493e+00
  -1.0177841e-01  -3.4382073e+00   1.5748454e+01   1.4184225e+01   3.4138668e+00   9.1950512e-02   3.3905409e+00   1.5748197e+01   1.4188279e+01  -3.1028928e+00
  -1.2705809e-01  -3.5826637e+00   1.5796174e+01   1.4239491e+01   3.5631995e+00  -5.5325833e-02   3.5652667e+00   1.5928654e+01   1.4213530e+01  -3.5639429e+00
  -1.2700180e-01  -3.7347428e+00   1.5847528e+01   1.4286979e+01   3.7189292e+00  -1.5536191e-02   3.7074123e+00   1.5921868e+01   1.4264010e+01  -3.5955619e+00
  -1.2693293e-01  -3.8926644e+00   1.5896208e+01   1.4331793e+01   3.8813676e+00   1.7247716e-02   3.8571204e+00   1.5878639e+01   1.4315045e+01  -3.6596037e+00
  -1.0306622e-01  -4.0648991e+00   1.5939617e+01   1.4365191e+01   4.0507461e+00  -7.2917221e-03   4.0414581e+00   1.5895878e+01   1.4361617e+01  -4.0428516e+00
  -1.0290457e-01  -4.2358932e+00   1.5981836e+01   1.4403706e+01   4.2274586e+00   4.3399346e-02   4.1997749e+00   1.5950382e+01   1.4392121e+01  -4.0202711e+00
  -1.0260596e-01  -4.4096600e+00   1.6021586e+01   1.4439659e+01   4.4077781e+00   7.7935979e-02   4.3648832e+00   1.5895870e+01   1.4432493e+01  -4.1067729e+00
  -1.0007853e-01  -4.5859769e+00   1.5984233e+01   1.4397041e+01   4.5822964e+00  -1.7143562e-01   4.6229769e+00   1.7119956e+01   1.4973332e+01  -4.5959158e+00
  -1.0199324e-01  -4.7478908e+00   1.5905337e+01   1.4358618e+01   4.7494518e+00   1.0519784e-02   4.7578968e+00   1.7666860e+01   1.5576160e+01  -5.0115317e+00
  -1.0207369e-01  -4.9075003e+00   1.5845325e+01   1.4318007e+01   4.9091530e+00  -5.0681392e-02   4.9539291e+00   1.8971212e+01   1.5956020e+01  -4.9045035e+00
  -9.7952328e-02  -4.9876259e+00   1.5850809e+01   1.4320490e+01   5.0627582e+00  -2.8958244e-02   5.0490060e+00   1.9564236e+01   1.6435870e+01  -5.3470882e+00
  -1.0251760e-01  -5.2041901e+00   1.5727240e+01   1.4239994e+01   5.2077269e+00  -3.9742379e-02   5.2916006e+00   2.0642459e+01   1.6787894e+01  -5.2435744e+00
  -9.7777785e-02  -5.2754106e+00   1.5731360e+01   1.4241801e+01   5.3480002e+00  -4.1631129e-02   5.3856200e+00   2.1229284e+01   1.7198476e+01  -5.6803809e+00
  -1.0261466e-01  -5.4762073e+00   1.5610137e+01   1.4164970e+01   5.4801295e+00  -4.1310444e-02   5.6106782e+00   2.2186094e+01   1.7488253e+01  -5.5700414e+00
  -9.6808468e-02  -5.5320703e+00   1.5620770e+01   1.4170929e+01   5.6081325e+00  -3.9466411e-02   5.6894621e+00   2.2769968e+01   1.7830685e+01  -5.9772503e+00
  -1.0277152e-01  -5.7237974e+00   1.5495221e+01   1.4094813e+01   5.7283436e+00  -8.3995715e-02   5.9188469e+00   2.3653447e+01   1.8058036e+01  -5.9167117e+00
  -9.7256026e-02  -5.7683705e+00   1.5505407e+01   1.4103445e+01   5.8449453e+00  -6.3034954e-02   5.9815288e+00   2.4168520e+01   1.8370096e+01  -6.2687863e+00
  -1.0283756e-01  -5.9488644e+00   1.5384157e+01   1.4029886e+01   5.9540743e+00  -7.2013390e-02   6.1904018e+00   2.4999611e+01   1.8544774e+01  -6.1899522e+00
  -9.7336180e-02  -5.9871801e+00   1.5392494e+01   1.4038947e+01   6.0600215e+00  -5.2880572e-02   6.2475699e+00   2.5506426e+01   1.8805192e+01  -6.5064068e+00
  -1.0290673e-01  -6.1533318e+00   1.5276350e+01   1.3970644e+01   6.1589166e+00  -8.3813935e-02   6.4488024e+00   2.6251192e+01   1.8951257e+01  -6.4524795e+00
  -9.7556923e-02  -6.1884730e+00   1.5281262e+01   1.3979008e+01   6.2549009e+00  -7.8906903e-02   6.5071946e+00   2.6730663e+01   1.9175434e+01  -6.7565839e+00
  -1.0251289e-01  -6.3391749e+00   1.5172029e+01   1.3916970e+01   6.3442505e+00  -7.6531251e-02   6.6829890e+00   2.7435456e+01   1.9278672e+01  -6.6844716e+00
  -9.7995610e-02  -6.3729610e+00   1.5171742e+01   1.3924337e+01   6.4309543e+00  -1.5711019e-01   6.7663203e+00   2.7811971e+01   1.9515945e+01  -6.9140451e+00
  -1.0243290e-01  -6.5108030e+00   1.5070947e+01   1.3867625e+01   6.5113940e+00  -3.1036880e-03   6.8814470e+00   2.8527003e+01   1.9563090e+01  -6.7324624e+00
  -9.8808057e-02  -6.5420846e+00   1.5063187e+01   1.3875103e+01   6.5894080e+00  -9.9169642e-02   6.9669961e+00   2.8948636e+01   1.9719565e+01  -7.0505074e+00
  -1.0067812e-01  -6.6613518e+00   1.4990143e+01   1.3826825e+01   6.6615596e+00  -1.6923474e-01   7.1343796e+00   2.9396292e+01   1.9889353e+01  -7.3337773e+00
  -9.9028998e-02  -6.6874796e+00   1.4965415e+01   1.3837373e+01   6.7315362e+00  -2.1324228e-01   7.1978173e+00   2.9960442e+01   1.9886956e+01  -7.1698917e+00
  -9.5650402e-02  -6.7201198e+00   1.4952897e+01   1.3842073e+01   6.7973500e+00  -2.9435066e-01   7.2809719e+00   3.0369437e+01   1.9992128e+01  -7.4014580e+00
  -1.0284388e-01  -6.8523979e+00   1.4835668e+01   1.3785277e+01   6.8575535e+00  -5.6677829e-02   7.3579727e+00   3.0971963e+01   1.9991213e+01  -7.5178003e+00
  -9.9612190e-02  -6.8827592e+00   1.4820696e+01   1.3790703e+01   6.9158980e+00  -1.1936172e-01   7.4317795e+00   3.1295341e+01   2.0122295e+01  -7.6325148e+00
  -9.7939660e-02  -6.9130976e+00   1.4798787e+01   1.3796111e+01   6.9706626e+00  -2.1339430e-01   7.5157734e+00   3.1772062e+01   2.0103251e+01  -7.5150748e+00
  -9.5967426e-02  -6.9432688e+00   1.4776606e+01   1.3801308e+01   7.0219021e+00  -2.8609187e-01   7.5925798e+00   3.2083145e+01   2.0201940e+01  -7.8846402e+00
  -9.4317110e-02  -6.9728092e+00   1.4752138e+01   1.3806838e+01   7.0697358e+00  -3.4638638e-01   7.6643091e+00   3.2443989e+01   2.0241009e+01  -7.9497075e+00
  -1.0269540e-01  -7.1096448e+00   1.4621762e+01   1.3745729e+01   7.1121802e+00  -1.5249662e-01   7.7545056e+00   3.3023649e+01   2.0144371e+01  -7.6652260e+00
  -1.0197832e-01  -7.1354375e+00   1.4593120e+01   1.3753918e+01   7.1535296e+00  -2.0170330e-01   7.8168406e+00   3.3332238e+01   2.0184304e+01  -7.9056718e+00
  -1.0077904e-01  -7.1621494e+00   1.4565361e+01   1.3761488e+01   7.1916283e+00  -2.2717722e-01   7.8715087e+00   3.3688961e+01   2.0169847e+01  -7.7292570e+00
  -9.9941337e-02  -7.1887961e+00   1.4536049e+01   1.3769353e+01   7.2266093e+00  -2.9336179e-01   7.9403154e+00   3.4046888e+01   2.0130522e+01  -8.0474522e+00
  -9.9346030e-02  -7.2148677e+00   1.4503601e+01   1.3777711e+01   7.2585383e+00  -1.2366475e-01   7.9216601e+00   3.4438305e+01   2.0069107e+01  -7.8651717e+00
  -9.9038321e-02  -7.2407746e+00   1.4468781e+01   1.3786483e+01   7.2874625e+00  -2.0910968e-01   7.9953523e+00   3.4707067e+01   2.0066609e+01  -8.1436200e+00
  -9.9016441e-02  -7.2665384e+00   1.4431626e+01   1.3795725e+01   7.3134301e+00  -2.1032831e-01   8.0371261e+00   3.5059861e+01   1.9979901e+01  -7.9835651e+00
  -9.9947113e-02  -7.3011925e+00   1.4381316e+01   1.3799926e+01   7.3362975e+00  -2.9571570e-01   8.1187918e+00   3.5301654e+01   1.9965920e+01  -8.2901695e+00
  -1.0161089e-01  -7.3350108e+00   1.4329963e+01   1.3805054e+01   7.3563106e+00  -2.0236327e-01   8.1310645e+00   3.5661382e+01   1.9848659e+01  -8.0211109e+00
  -1.0354108e-01  -7.3677113e+00   1.4276912e+01   1.3811402e+01   7.3735011e+00  -3.0340573e-01   8.2152532e+00   3.5864724e+01   1.9831268e+01  -8.4329577e+00
  -1.0524074e-01  -7.3958749e+00   1.4226157e+01   1.3821269e+01   7.3879512e+00  -2.6635426e-01   8.2411516e+00   3.6189487e+01   1.9699863e+01  -8.0954439e+00
  -1.0725560e-01  -7.4227355e+00   1.4173851e+01   1.3832330e+01   7.3996464e+00  -2.5017993e-01   8.2726144e+00   3.6484245e+01   1.9574429e+01  -8.1466247e+00
  -1.0776043e-01  -7.4356584e+00   1.4134215e+01   1.3852726e+01   7.4088394e+00  -2.3194809e-01   8.2883336e+00   3.6552945e+01   1.9640741e+01  -7.9996896e+00
  -1.0852793e-01  -7.4474250e+00   1.4092678e+01   1.3874845e+01   7.4153108e+00  -3.1210188e-01   8.3407595e+00   3.6935604e+01   1.9379191e+01  -8.2827720e+00
  -1.0919676e-01  -7.4579419e+00   1.4050019e+01   1.3898373e+01   7.4190643e+00  -3.4586211e-01   8.3729615e+00   3.7127449e+01   1.9286393e+01  -8.4267754e+00
  -1.1029564e-01  -7.4669138e+00   1.4005470e+01   1.3923877e+01   7.4201024e+00  -3.8336911e-01   8.4041612e+00   3.7281098e+01   1.9211170e+01  -8.5069506e+00
  -1.1157004e-01  -7.4743404e+00   1.3959439e+01   1.3951248e+01   7.4184289e+00  -1.8264707e-01   8.3363336e+00   3.7607539e+01   1.8985806e+01  -8.1741151e+00
  -1.0288062e-01  -7.4077557e+00   1.3997457e+01   1.4026420e+01   7.4154919e+00   1.8016784e-03   8.1997080e+00   3.7833270e+01   1.8823985e+01  -8.1379105e+00
  -1.0438484e-01  -7.4142981e+00   1.3946521e+01   1.4056119e+01   7.4083386e+00   5.1840297e-02   8.1886399e+00   3.8019146e+01   1.8677564e+01  -8.1169235e+00
  -1.0637264e-01  -7.4188556e+00   1.3893777e+01   1.4088282e+01   7.3984474e+00   1.3412409e-02   8.2108582e+00   3.8204988e+01   1.8500813e+01  -7.8673983e+00
  -1.0844947e-01  -7.4214374e+00   1.3839710e+01   1.4122745e+01   7.3858029e+00   3.8697937e-02   8.2035779e+00   3.8325082e+01   1.8378925e+01  -8.1041748e+00
  -1.1056082e-01  -7.4219167e+00   1.3784392e+01   1.4159621e+01   7.3703819e+00  -6.5310336e-03   8.2226975e+00   3.8448867e+01   1.8226290e+01  -8.1226371e+00
  -1.0405663e-01  -7.3428101e+00   1.3815687e+01   1.4248784e+01   7.3536939e+00   5.3012903e-02   8.1172378e+00   3.8591945e+01   1.8036040e+01  -8.0680877e+00
  -1.0381781e-01  -7.3309938e+00   1.3767649e+01   1.4295140e+01   7.3328109e+00   1.3426128e-02   8.1204611e+00   3.8700846e+01   1.7862988e+01  -8.0267348e+00
  -1.0509120e-01  -7.3178857e+00   1.3717255e+01   1.4344264e+01   7.3090108e+00  -9.6285981e-03   8.1138622e+00   3.8752319e+01   1.7731119e+01  -8.0617252e+00
  -1.0653362e-01  -7.3029994e+00   1.3664617e+01   1.4395793e+01   7.2822785e+00   3.4543476e-03   8.0889117e+00   3.8656270e+01   1.7727738e+01  -8.0578213e+00
  -1.0839590e-01  -7.2862151e+00   1.3609430e+01   1.4450041e+01   7.2525635e+00  -2.6942186e-01   8.1847512e+00   3.8881106e+01   1.7362399e+01  -8.1476516e+00
  -1.1017783e-01  -7.2672297e+00   1.3552184e+01   1.4506818e+01   7.2198201e+00  -4.2705860e-01   8.2282977e+00   3.8914968e+01   1.7178139e+01  -8.1215991e+00
  -1.1208929e-01  -7.2460463e+00   1.3492647e+01   1.4566374e+01   7.1839841e+00  -1.1043236e-01   8.0618257e+00   3.9042797e+01   1.6951844e+01  -7.9801817e+00
  -1.0240185e-01  -7.1388645e+00   1.3526673e+01   1.4681115e+01   7.1465879e+00  -2.2904712e-01   7.9999964e+00   3.9036757e+01   1.6760963e+01  -8.1687726e+00
  -1.0463557e-01  -7.1145760e+00   1.3460630e+01   1.4745604e+01   7.1043543e+00  -2.2409920e-01   7.9642012e+00   3.9106263e+01   1.6515788e+01  -7.7296464e+00
  -1.0686457e-01  -7.0878119e+00   1.3392139e+01   1.4813090e+01   7.0587961e+00  -2.1309217e-01   7.9222174e+00   3.9119755e+01   1.6308134e+01  -7.7178021e+00
  -1.0870332e-01  -7.0582478e+00   1.3320866e+01   1.4883863e+01   7.0098542e+00  -7.5804124e-02   7.8202112e+00   3.9129144e+01   1.6103729e+01  -7.7450862e+00
  -1.1175821e-01  -7.0254047e+00   1.3247501e+01   1.4958272e+01   6.9574283e+00  -9.6916829e-02   7.7838483e+00   3.9138318e+01   1.5863449e+01  -7.5028208e+00
  -1.0427458e-01  -6.8927245e+00   1.3277158e+01   1.5097282e+01   6.9032610e+00  -1.5129951e-01   7.6625593e+00   3.9073769e+01   1.5646926e+01  -7.6147018e+00
  -1.0351806e-01  -6.8571291e+00   1.3199276e+01   1.5175124e+01   6.8435352e+00  -2.1972366e-01   7.6450183e+00   3.9034164e+01   1.5418533e+01  -7.4160453e+00
  -1.0667619e-01  -6.8172897e+00   1.3114519e+01   1.5258694e+01   6.7800567e+00  -9.0527512e-02   7.5311244e+00   3.8992172e+01   1.5196072e+01  -7.4727651e+00
  -1.1047118e-01  -6.7733071e+00   1.3026095e+01   1.5346717e+01   6.7126814e+00  -1.0634211e-01   7.4774043e+00   3.8869163e+01   1.5012259e+01  -7.4892549e+00
  -1.0452033e-01  -6.6324370e+00   1.3033601e+01   1.5497045e+01   6.6430102e+00  -1.7375159e-01   7.3502811e+00   3.8805047e+01   1.4727282e+01  -7.3892755e+00
  -1.0453543e-01  -6.5849157e+00   1.2939366e+01   1.5589337e+01   6.5673901e+00  -1.7643531e-01   7.2873400e+00   3.8701178e+01   1.4500738e+01  -7.3451859e+00
  -1.1070372e-01  -6.5497528e+00   1.2820996e+01   1.5676201e+01   6.4872174e+00  -1.6060814e-01   7.2252374e+00   3.8588302e+01   1.4271001e+01  -7.2671831e+00
  -1.0120196e-01  -6.3995114e+00   1.2816951e+01   1.5835960e+01   6.4044942e+00  -2.0408161e-01   7.0774879e+00   3.8400524e+01   1.4051750e+01  -7.2744911e+00
  -1.0746934e-01  -6.3540410e+00   1.2691186e+01   1.5932502e+01   6.3153859e+00  -1.9150899e-01   7.0048620e+00   3.8277385e+01   1.3797299e+01  -7.2062063e+00
  -1.1213319e-01  -6.2999353e+00   1.2564276e+01   1.6035870e+01   6.2215437e+00  -2.1505601e-01   6.9400341e+00   3.8172927e+01   1.3506298e+01  -6.8253661e+00
  -1.0192221e-01  -6.1197013e+00   1.2562688e+01   1.6218387e+01   6.1248267e+00  -1.8758199e-01   6.7274462e+00   3.7983400e+01   1.3241628e+01  -6.6414261e+00
  -1.0574560e-01  -6.0514622e+00   1.2432723e+01   1.6333120e+01   6.0210801e+00  -1.6907889e-01   6.6280182e+00   3.7816716e+01   1.2976761e+01  -6.5796806e+00
  -1.0933682e-01  -5.9746794e+00   1.2300226e+01   1.6454451e+01   5.9120964e+00  -1.4720019e-01   6.5178422e+00   3.7610482e+01   1.2727550e+01  -6.4749652e+00
  -1.0180070e-01  -5.7937678e+00   1.2261675e+01   1.6641277e+01   5.7991580e+00  -1.8427163e-01   6.3320639e+00   3.7315782e+01   1.2493295e+01  -6.4854614e+00
  -1.0561560e-01  -5.7049837e+00   1.2118043e+01   1.6772213e+01   5.6790209e+00  -1.7052693e-01   6.2124881e+00   3.7073095e+01   1.2239284e+01  -6.3484360e+00
  -1.0854646e-01  -5.6100834e+00   1.1967313e+01   1.6907865e+01   5.5529649e+00  -1.3038773e-01   6.0745272e+00   3.6800583e+01   1.1993827e+01  -6.2002465e+00
  -1.0234480e-01  -5.4149259e+00   1.1901114e+01   1.7106449e+01   5.4221418e+00  -1.9677382e-01   5.8864690e+00   3.6579324e+01   1.1650294e+01  -5.8644375e+00
  -1.0534040e-01  -5.3139734e+00   1.1730722e+01   1.7246706e+01   5.2834562e+00  -1.4538013e-01   5.7367640e+00   3.6281140e+01   1.1396629e+01  -5.6944218e+00
  -1.0855915e-01  -5.1926872e+00   1.1562327e+01   1.7400013e+01   5.1383615e+00  -1.1574408e-01   5.5760568e+00   3.6007903e+01   1.1100182e+01  -5.5359035e+00
  -1.1061682e-01  -5.0653610e+00   1.1382548e+01   1.7557860e+01   4.9862679e+00  -6.9058364e-02   5.4018681e+00   3.5671901e+01   1.0833263e+01  -5.3145349e+00
  -1.0137301e-01  -4.8245887e+00   1.1300744e+01   1.7784513e+01   4.8284444e+00  -6.1243700e-02   5.1343242e+00   3.5337637e+01   1.0506745e+01  -5.1146799e+00
  -1.0459490e-01  -4.6857334e+00   1.1099708e+01   1.7948057e+01   4.6617084e+00  -1.1553325e-01   4.9947162e+00   3.5069083e+01   1.0159011e+01  -4.9076486e+00
  -1.0693936e-01  -4.5343895e+00   1.0888983e+01   1.8118857e+01   4.4872333e+00  -4.1501435e-02   4.7840257e+00   3.4594635e+01   9.9340326e+00  -4.6042641e+00
  -1.0905284e-01  -4.3718719e+00   1.0668756e+01   1.8295126e+01   4.3047067e+00  -1.6095497e-02   4.5848193e+00   3.4180924e+01   9.6470252e+00  -4.3809223e+00
  -1.0354141e-01  -4.1082560e+00   1.0531317e+01   1.8530791e+01   4.1146828e+00   2.2004414e-03   4.2893574e+00   3.3744097e+01   9.3205843e+00  -4.1281316e+00
  -1.0411446e-01  -3.9271477e+00   1.0273166e+01   1.8716342e+01   3.9150739e+00   6.7232808e-04   4.0854580e+00   3.3266309e+01   9.0275879e+00  -3.9159890e+00
  -1.0423230e-01  -3.7312942e+00   1.0019834e+01   1.8904950e+01   3.7061444e+00  -5.7576013e-02   3.8930828e+00   3.3125059e+01   8.5316534e+00  -3.8720609e+00
  -1.0532889e-01  -3.5204981e+00   9.7469858e+00   1.9100291e+01   3.4878703e+00  -2.7439127e-02   3.6458626e+00   3.2323785e+01   8.3816844e+00  -3.3118823e+00
  -1.0585188e-01  -3.2930464e+00   9.4634579e+00   1.9301591e+01   3.2597135e+00   4.0918224e-02   3.3659998e+00   3.1766019e+01   8.0724612e+00  -3.4158117e+00
  -1.0501242e-01  -3.0562033e+00   9.1666510e+00   1.9501919e+01   3.0210816e+00  -1.9545506e-01   3.2142876e+00   3.1350622e+01   7.6694736e+00  -2.9902480e+00
  -1.0418563e-01  -2.7997136e+00   8.8499252e+00   1.9708997e+01   2.7718103e+00   1.2575128e-01   2.7959946e+00   3.0562699e+01   7.4257919e+00  -2.7130042e+00
  -1.0246019e-01  -2.5236038e+00   8.5170784e+00   1.9920747e+01   2.5113482e+00  -2.1193195e-01   2.6510584e+00   3.0076184e+01   7.0055946e+00  -2.4039416e+00
  -9.9826554e-02  -2.2271686e+00   8.1662072e+00   2.0136347e+01   2.2392094e+00   2.1089086e-01   2.1537007e+00   2.9284949e+01   6.6946403e+00  -2.2306122e+00
  -9.6120756e-02  -1.9095842e+00   7.7943626e+00   2.0355020e+01   1.9548764e+00  -6.8111019e-02   1.9438969e+00   2.8381033e+01   6.3706378e+00  -1.9741569e+00
  -1.0035313e-01  -1.6561185e+00   7.3169078e+00   2.0521157e+01   1.6574777e+00  -2.0858392e-01   1.7359005e+00   2.7884340e+01   5.9244660e+00  -1.5044121e+00
  -9.1528048e-02  -1.2698911e+00   6.9201980e+00   2.0757511e+01   1.3473037e+00   2.6966331e-02   1.2408317e+00   2.6805031e+01   5.5620493e+00  -1.1741016e+00
  -1.0008182e-01  -1.0211388e+00   6.3448630e+00   2.0887859e+01   1.0229027e+00  -3.8921935e-02   1.0079683e+00   2.5884159e+01   5.1838843e+00  -9.8226394e-01
  -1.0068277e-01  -6.8297341e-01   5.7997790e+00   2.1056361e+01   6.8443071e-01   5.1235617e-02   6.2544206e-01   2.4995000e+01   4.7210230e+00  -5.6957439e-01
  -1.0038955e-01  -3.3067403e-01   5.2076150e+00   2.1210572e+01   3.3097446e-01  -3.4153743e-03   2.9222759e-01   2.3916687e+01   4.2409082e+00  -2.4511030e-01
  -8.9765222e-01  -5.1411845e-02   4.7735858e+00   2.1345528e+01   4.5699378e-01  -1.2550103e-01   1.8511016e-02   2.2834949e+01   3.7141293e+00  -7.5218947e-02
  -8.4409033e-01   3.6736785e-01   5.7338581e+00   2.2309026e+01  -3.0334171e-01  -9.4379697e-02  -3.9774414e-01   2.2670775e+01   4.2519971e+00   2.7915363e-01
  -8.7338413e-01   7.0872710e-01   6.5813401e+00   2.3156720e+01  -2.0014659e-01  -9.1003048e-02  -7.3870573e-01   2.2517264e+01   4.7796002e+00   6.1861448e-01
  -8.5187940e-01   1.0341667e+00   7.5508020e+00   2.3908903e+01  -8.2521090e-01  -9.0782633e-02  -1.0567279e+00   2.2374485e+01   5.2755317e+00   9.4381396e-01
  -8.5836396e-01   1.3446471e+00   8.2924064e+00   2.4623086e+01  -1.1585276e+00  -9.4640153e-02  -1.3598884e+00   2.2223200e+01   5.7376833e+00   1.2552791e+00
  -8.5310614e-01   1.6466318e+00   9.0042529e+00   2.5287956e+01  -1.5973278e+00  -1.0272569e-01  -1.6511456e+00   2.2063720e+01   6.1675227e+00   1.5535320e+00
  -8.6393015e-01   1.9384315e+00   9.7511840e+00   2.5892377e+01  -1.8964159e+00  -1.1643710e-01  -1.9314539e+00   2.1899243e+01   6.5671672e+00   1.8390754e+00
  -9.1959588e-01   2.2081404e+00   1.0523266e+01   2.6427949e+01  -1.9291345e+00  -1.1894358e-01  -2.1935783e+00   2.1721131e+01   6.9464434e+00   2.1123552e+00
  -8.7165609e-01   2.4797905e+00   1.0938550e+01   2.7040169e+01  -2.5739623e+00  -1.3587287e-01  -2.4447036e+00   2.1546628e+01   7.2988457e+00   2.3739083e+00
  -8.6861957e-01   2.7310189e+00   1.1836871e+01   2.7430809e+01  -2.7193904e+00  -1.1962320e-01  -2.6819122e+00   2.1356057e+01   7.6375064e+00   2.6241036e+00
  -8.5140225e-01   2.9774891e+00   1.2333607e+01   2.7938910e+01  -3.1701268e+00  -1.1604966e-01  -2.9105609e+00   2.1169134e+01   7.9522441e+00   2.8634364e+00
  -8.6358478e-01   3.2136995e+00   1.3151505e+01   2.8270032e+01  -3.2184533e+00  -1.1221892e-01  -3.1311311e+00   2.0980017e+01   8.2470934e+00   3.0922915e+00
  -8.4123517e-01   3.4452776e+00   1.3679097e+01   2.8690124e+01  -3.6307640e+00  -1.0171748e-01  -3.3431440e+00   2.0775758e+01   8.5243978e+00   3.3109699e+00
  -8.5270872e-01   3.6699167e+00   1.4404889e+01   2.8983361e+01  -3.6792917e+00  -9.7609659e-02  -3.5505974e+00   2.0579036e+01   8.7821218e+00   3.5199706e+00
  -8.3330800e-01   3.8903890e+00   1.4881609e+01   2.9375108e+01  -4.0791623e+00  -9.4906809e-02  -3.7496976e+00   2.0382773e+01   9.0242331e+00   3.7196156e+00
  -8.5031964e-01   4.0988510e+00   1.5626046e+01   2.9584492e+01  -4.1073289e+00  -9.2938907e-02  -3.9404629e+00   2.0187603e+01   9.2521707e+00   3.9102545e+00
  -8.4953483e-01   4.3014740e+00   1.6222282e+01   2.9845126e+01  -4.3036370e+00  -9.1553949e-02  -4.1229621e+00   1.9994180e+01   9.4671351e+00   4.0922220e+00
  -8.5412867e-01   4.4955437e+00   1.6822010e+01   3.0072718e+01  -4.4533325e+00  -9.0625003e-02  -4.2973238e+00   1.9803032e+01   9.6702019e+00   4.2658376e+00
  -8.4598141e-01   4.6834154e+00   1.7376880e+01   3.0299432e+01  -4.7138213e+00  -9.0041249e-02  -4.4637366e+00   1.9614555e+01   9.8623315e+00   4.4314065e+00
  -8.4568792e-01   4.8626205e+00   1.7943720e+01   3.0490255e+01  -4.9013948e+00  -8.9719181e-02  -4.6224251e+00   1.9429047e+01   1.0044387e+01   4.5892197e+00
  -8.5459904e-01   5.0311448e+00   1.8517368e+01   3.0641154e+01  -5.0049227e+00  -9.1103126e-02  -4.7714902e+00   1.9240155e+01   1.0217395e+01   4.7394872e+00
  -8.8394848e-01   5.1581565e+00   1.8954649e+01   3.0853931e+01  -5.3021810e+00  -1.4177576e-01  -4.8764250e+00   1.9105527e+01   1.0395018e+01   4.8830765e+00
  -8.3002879e-01   5.3410679e+00   1.9549464e+01   3.0953790e+01  -5.4365109e+00  -8.4775444e-02  -5.0390055e+00   1.8896278e+01   1.0546925e+01   5.0189027e+00
  -8.3484337e-01   5.5083177e+00   2.0097678e+01   3.1058065e+01  -5.5846209e+00  -8.8468252e-02  -5.1860765e+00   1.8709294e+01   1.0685431e+01   5.1481546e+00
  -1.0963048e+00   5.5788101e+00   2.0691972e+01   3.1094936e+01  -5.4013892e+00  -1.3873499e-01  -5.2704436e+00   1.8589068e+01   1.0841863e+01   5.2715992e+00
  -8.3224306e-01   5.7719173e+00   2.1142375e+01   3.1212948e+01  -5.8557122e+00  -8.3851397e-02  -5.4122573e+00   1.8391542e+01   1.0973679e+01   5.3879298e+00
  -8.3241814e-01   5.9187140e+00   2.1657557e+01   3.1265571e+01  -6.0101521e+00  -9.0478019e-02  -5.5390115e+00   1.8215750e+01   1.1093738e+01   5.4983141e+00
  -8.9811932e-01   5.9992370e+00   2.2219400e+01   3.1236841e+01  -6.0220667e+00  -1.3761143e-01  -5.6060344e+00   1.8103213e+01   1.1233015e+01   5.6034526e+00
  -8.8810000e-01   6.1340079e+00   2.2785143e+01   3.1208397e+01  -5.9419697e+00  -8.4775515e-02  -5.7301181e+00   1.7921022e+01   1.1349162e+01   5.7022176e+00
  -8.6415698e-01   6.2231684e+00   2.3110968e+01   3.1328578e+01  -6.4059026e+00  -1.3576318e-01  -5.7911019e+00   1.7809692e+01   1.1476098e+01   5.7961733e+00
  -8.5582809e-01   6.3529057e+00   2.3714643e+01   3.1217190e+01  -6.3515647e+00  -8.4510169e-02  -5.9114578e+00   1.7623501e+01   1.1578434e+01   5.8838106e+00
  -1.0742368e+00   6.3890166e+00   2.4182068e+01   3.1192897e+01  -6.4167639e+00  -1.3468468e-01  -5.9644205e+00   1.7517584e+01   1.1696383e+01   5.9671069e+00
  -8.5626270e-01   6.5457290e+00   2.4664806e+01   3.1124916e+01  -6.5392342e+00  -8.5061875e-02  -6.0750578e+00   1.7342905e+01   1.1791703e+01   6.0445687e+00
  -8.6103080e-01   6.6111831e+00   2.5038812e+01   3.1120299e+01  -6.7730292e+00  -1.3390265e-01  -6.1197320e+00   1.7241707e+01   1.1902811e+01   6.1178404e+00
  -8.6154599e-01   6.7124544e+00   2.5583606e+01   3.0967117e+01  -6.7059897e+00  -8.7291711e-02  -6.2165838e+00   1.7076088e+01   1.1994283e+01   6.1856167e+00
  -8.6745688e-01   6.7694767e+00   2.5959404e+01   3.0919744e+01  -6.9017018e+00  -1.3342974e-01  -6.2548672e+00   1.6979473e+01   1.2099361e+01   6.2493768e+00
  -8.6336076e-01   6.8575176e+00   2.6467849e+01   3.0751128e+01  -6.8458397e+00  -8.9444262e-02  -6.3394024e+00   1.6822519e+01   1.2187724e+01   6.3079314e+00
  -8.8041065e-01   6.9044261e+00   2.6858920e+01   3.0648788e+01  -6.9807363e+00  -1.3307375e-01  -6.3718562e+00   1.6729920e+01   1.2287770e+01   6.3626161e+00
  -1.0830358e+00   6.9334893e+00   2.7358578e+01   3.0464048e+01  -6.7586423e+00  -9.1804663e-02  -6.4443043e+00   1.6581483e+01   1.2374239e+01   6.4123619e+00
  -8.9748646e-01   7.0169120e+00   2.7717348e+01   3.0327656e+01  -7.0360123e+00  -1.3292321e-01  -6.4714171e+00   1.6492268e+01   1.2470194e+01   6.4583446e+00
  -8.3193541e-01   7.0700168e+00   2.7988319e+01   3.0266080e+01  -7.3405341e+00  -1.4114418e-01  -6.5014089e+00   1.6382917e+01   1.2566654e+01   6.5001422e+00
  -7.8612629e-01   7.1439461e+00   2.8390671e+01   3.0092425e+01  -7.3684093e+00  -9.1845548e-02  -6.5690129e+00   1.6242095e+01   1.2646491e+01   6.5370341e+00
  -9.0000262e-01   7.1506732e+00   2.8905041e+01   2.9773782e+01  -7.1549428e+00  -1.3213172e-01  -6.5887981e+00   1.6156752e+01   1.2737440e+01   6.5705316e+00
  -8.4053304e-01   7.1914398e+00   2.9168506e+01   2.9658166e+01  -7.4235241e+00  -1.4149350e-01  -6.6095983e+00   1.6054463e+01   1.2830259e+01   6.6000273e+00
  -9.0645454e-01   7.1988441e+00   2.9627336e+01   2.9341866e+01  -7.2149198e+00  -1.3978386e-01  -6.6310818e+00   1.5946981e+01   1.2921478e+01   6.6253461e+00
  -9.0580404e-01   7.2219399e+00   2.9984512e+01   2.9105628e+01  -7.2367862e+00  -1.3789646e-01  -6.6530917e+00   1.5844258e+01   1.3010547e+01   6.6467562e+00
  -1.0194673e+00   7.2125845e+00   3.0448358e+01   2.8755689e+01  -6.9601794e+00  -1.3826043e-01  -6.6726992e+00   1.5744943e+01   1.3098696e+01   6.6642564e+00
  -9.1192630e-01   7.2562050e+00   3.0659464e+01   2.8612890e+01  -7.2675743e+00  -1.3920660e-01  -6.6890244e+00   1.5647031e+01   1.3186816e+01   6.6778720e+00
  -9.1009461e-01   7.2680433e+00   3.0985899e+01   2.8343694e+01  -7.2756167e+00  -1.4012617e-01  -6.7019632e+00   1.5550042e+01   1.3275250e+01   6.6876239e+00
  -9.1143491e-01   7.2740159e+00   3.1296699e+01   2.8066078e+01  -7.2783868e+00  -1.4076140e-01  -6.7110384e+00   1.5452150e+01   1.3364234e+01   6.6935021e+00
  -1.0918581e+00   7.2260110e+00   3.1587850e+01   2.7811535e+01  -7.2204181e+00  -1.4097854e-01  -6.7173494e+00   1.5356430e+01   1.3453920e+01   6.6956112e+00
  -9.1344782e-01   7.2735020e+00   3.1886753e+01   2.7480064e+01  -7.2695792e+00  -1.4154585e-01  -6.7199372e+00   1.5261282e+01   1.3544494e+01   6.6939046e+00
  -9.1057542e-01   7.2681472e+00   3.2167245e+01   2.7170749e+01  -7.2586022e+00  -1.4222935e-01  -6.7197171e+00   1.5168715e+01   1.3636142e+01   6.6882484e+00
  -8.7309432e-01   7.2652251e+00   3.2430223e+01   2.6858644e+01  -7.2740642e+00  -1.0966798e-01  -6.7223853e+00   1.5065246e+01   1.3730109e+01   6.6787065e+00
  -9.1000602e-01   7.2453348e+00   3.2692573e+01   2.6525943e+01  -7.2196040e+00  -1.3757583e-01  -6.7134724e+00   1.4980843e+01   1.3820848e+01   6.6654287e+00
  -9.6105922e-01   7.2095195e+00   3.2976470e+01   2.6149704e+01  -7.0605121e+00  -1.4419134e-01  -6.7006165e+00   1.4889878e+01   1.3917042e+01   6.6481935e+00
  -8.8943999e-01   7.1931542e+00   3.3158763e+01   2.5837145e+01  -7.1618490e+00  -1.1259509e-01  -6.6826834e+00   1.4789125e+01   1.4021265e+01   6.6271837e+00
  -9.0031523e-01   7.1678654e+00   3.3365443e+01   2.5490897e+01  -7.1501798e+00  -1.3917824e-01  -6.6639089e+00   1.4702876e+01   1.4116846e+01   6.6020988e+00
  -8.8464490e-01   7.1242192e+00   3.3573395e+01   2.5118021e+01  -7.0903054e+00  -1.1165549e-01  -6.6367729e+00   1.4608124e+01   1.4226069e+01   6.5730375e+00
  -9.0879685e-01   7.0859175e+00   3.3758502e+01   2.4747786e+01  -7.0385478e+00  -1.4013503e-01  -6.6104948e+00   1.4518370e+01   1.4325353e+01   6.5398871e+00
  -8.8611106e-01   7.0291752e+00   3.3929203e+01   2.4361520e+01  -6.9839743e+00  -1.0952374e-01  -6.5712725e+00   1.4421972e+01   1.4442024e+01   6.5027350e+00
  -9.1110004e-01   6.9832834e+00   3.4084943e+01   2.3979240e+01  -6.9297536e+00  -1.3995857e-01  -6.5389192e+00   1.4331523e+01   1.4544902e+01   6.4612064e+00
  -8.8601130e-01   6.9133841e+00   3.4225563e+01   2.3576322e+01  -6.8662352e+00  -1.0729990e-01  -6.4885403e+00   1.4234901e+01   1.4668951e+01   6.4156170e+00
  -9.1354018e-01   6.8592909e+00   3.4352918e+01   2.3180926e+01  -6.7996667e+00  -1.3998293e-01  -6.4498625e+00   1.4142749e+01   1.4775817e+01   6.3653762e+00
  -8.8581478e-01   6.7756319e+00   3.4460404e+01   2.2762478e+01  -6.7257808e+00  -1.0506012e-01  -6.3876168e+00   1.4043816e+01   1.4907925e+01   6.3110397e+00
  -9.2142639e-01   6.7117561e+00   3.4575137e+01   2.2339105e+01  -6.6132671e+00  -1.4033119e-01  -6.3427091e+00   1.3948304e+01   1.5019650e+01   6.2517626e+00
  -8.8195011e-01   6.6163741e+00   3.4636557e+01   2.1917548e+01  -6.5630654e+00  -1.0190604e-01  -6.2677721e+00   1.3847770e+01   1.5159881e+01   6.1882022e+00
  -1.1347672e+00   6.4663771e+00   3.4732297e+01   2.1492302e+01  -6.2895769e+00  -1.4096020e-01  -6.2151336e+00   1.3746984e+01   1.5276612e+01   6.1194284e+00
  -1.0576161e+00   6.3694169e+00   3.4737707e+01   2.1074378e+01  -6.3079107e+00  -9.9133581e-02  -6.1286409e+00   1.3643437e+01   1.5425511e+01   6.0462012e+00
  -9.0735541e-01   6.3568549e+00   3.4776488e+01   2.0616619e+01  -6.2837666e+00  -1.4191310e-01  -6.0675937e+00   1.3536052e+01   1.5547880e+01   5.9674442e+00
  -8.7570217e-01   6.2296745e+00   3.4782765e+01   2.0154721e+01  -6.1724338e+00  -9.8455733e-02  -5.9686340e+00   1.3424862e+01   1.5705736e+01   5.8840491e+00
  -1.0888879e+00   6.0732982e+00   3.4778141e+01   1.9732623e+01  -5.9895056e+00  -1.4274230e-01  -5.8988345e+00   1.3312575e+01   1.5834086e+01   5.7946600e+00
  -8.7315246e-01   5.9998201e+00   3.4749312e+01   1.9239305e+01  -5.9411776e+00  -9.6128096e-02  -5.7869839e+00   1.3194373e+01   1.6001101e+01   5.7004149e+00
  -8.7367781e-01   5.8681603e+00   3.4702429e+01   1.8771873e+01  -5.8168260e+00  -9.7318118e-02  -5.6802876e+00   1.3079190e+01   1.6158828e+01   5.6002565e+00
  -8.7192190e-01   5.7371778e+00   3.4639994e+01   1.8298757e+01  -5.6887758e+00  -9.9654221e-02  -5.5732089e+00   1.2955235e+01   1.6317036e+01   5.4941420e+00
  -9.3199342e-01   5.5761663e+00   3.4615411e+01   1.7776937e+01  -5.3825182e+00  -1.0034947e-01  -5.4611575e+00   1.2823736e+01   1.6478746e+01   5.3819331e+00
  -8.7407408e-01   5.4544487e+00   3.4445592e+01   1.7344760e+01  -5.4063696e+00  -1.0055907e-01  -5.3429685e+00   1.2685664e+01   1.6644433e+01   5.2634387e+00
  -9.0407447e-01   5.2914662e+00   3.4359240e+01   1.6828058e+01  -5.1696261e+00  -1.0075080e-01  -5.2182233e+00   1.2540929e+01   1.6814171e+01   5.1384427e+00
  -8.7316442e-01   5.1455801e+00   3.4170610e+01   1.6366901e+01  -5.0997765e+00  -1.0104762e-01  -5.0866267e+00   1.2389070e+01   1.6987976e+01   5.0067149e+00
  -8.7308493e-01   4.9802856e+00   3.3999645e+01   1.5870696e+01  -4.9332493e+00  -1.0148771e-01  -4.9478902e+00   1.2229491e+01   1.7165837e+01   4.8680123e+00
  -1.0518480e+00   4.7353573e+00   3.3801046e+01   1.5383978e+01  -4.6861250e+00  -1.0208964e-01  -4.8017087e+00   1.2061536e+01   1.7347724e+01   4.7220796e+00
  -8.7377276e-01   4.6268777e+00   3.3594296e+01   1.4858113e+01  -4.5818503e+00  -1.0286408e-01  -4.6477559e+00   1.1884498e+01   1.7533587e+01   4.5686483e+00
  -8.8886331e-01   4.4324165e+00   3.3386330e+01   1.4322870e+01  -4.3531893e+00  -1.0381422e-01  -4.4856812e+00   1.1697624e+01   1.7723349e+01   4.4074363e+00
  -9.5784775e-01   4.2075802e+00   3.3238128e+01   1.3726850e+01  -3.9547966e+00  -1.0493358e-01  -4.3151083e+00   1.1500109e+01   1.7916907e+01   4.2381474e+00
  -8.7339159e-01   4.0372614e+00   3.2782557e+01   1.3310519e+01  -3.9998547e+00  -1.0620213e-01  -4.1356331e+00   1.1291091e+01   1.8114124e+01   4.0604710e+00
  -8.7074754e-01   3.8245427e+00   3.2463601e+01   1.2778832e+01  -3.7935768e+00  -1.0758108e-01  -3.9468224e+00   1.1069637e+01   1.8314830e+01   3.8740811e+00
  -8.7233371e-01   3.6008688e+00   3.2110247e+01   1.2244113e+01  -3.5714161e+00  -1.0900577e-01  -3.7482152e+00   1.0834734e+01   1.8518808e+01   3.6786363e+00
  -9.9998544e-01   3.3150547e+00   3.2060583e+01   1.1507325e+01  -3.0275235e+00  -1.1037720e-01  -3.5393271e+00   1.0585269e+01   1.8725790e+01   3.4737787e+00
  -8.7296094e-01   3.1253354e+00   3.1318908e+01   1.1147028e+01  -3.1077263e+00  -1.1155273e-01  -3.3196602e+00   1.0320007e+01   1.8935439e+01   3.2591337e+00
  -9.2301937e-01   2.8512650e+00   3.1023325e+01   1.0507286e+01  -2.7241809e+00  -1.1233820e-01  -3.0887203e+00   1.0037563e+01   1.9147329e+01   3.0343090e+00
  -1.0463843e+00   2.5355395e+00   3.0295033e+01   1.0065951e+01  -2.5540604e+00  -1.1248553e-01  -2.8460446e+00   9.7363648e+00   1.9360914e+01   2.7988937e+00
  -8.6854897e-01   2.3348465e+00   2.9877964e+01   9.4292203e+00  -2.3427891e+00  -1.1170203e-01  -2.5912361e+00   9.4146161e+00   1.9575488e+01   2.5524583e+00
  -9.0196443e-01   2.0341029e+00   2.9591985e+01   8.7150086e+00  -1.9571568e+00  -1.0967928e-01  -2.3240010e+00   9.0702625e+00   1.9790141e+01   2.2945536e+00
  -1.0368005e+00   1.6792492e+00   2.8731491e+01   8.2184569e+00  -1.7067590e+00  -1.0614614e-01  -2.0441711e+00   8.7009770e+00   2.0003712e+01   2.0247108e+00
  -8.5574322e-01   1.4453824e+00   2.8074580e+01   7.5913669e+00  -1.4869406e+00  -1.0093933e-01  -1.7516889e+00   8.3041784e+00   2.0214766e+01   1.7424417e+00
  -1.0361708e+00   1.0485073e+00   2.7392773e+01   6.9355520e+00  -1.1047147e+00  -9.7957809e-02  -1.4444914e+00   7.8696228e+00   2.0422856e+01   1.4472981e+00
  -8.5565052e-01   7.9205543e-01   2.6634429e+01   6.2633559e+00  -8.5894988e-01  -9.3884254e-02  -1.1250264e+00   7.4065635e+00   2.0624407e+01   1.1386724e+00
  -1.0606603e+00   4.6103980e-01   2.5874207e+01   5.6054153e+00  -4.6273026e-01  -1.3241385e-01  -8.7095978e-01   6.8534458e+00   2.0763632e+01   8.1594772e-01
  -1.0265940e+00   4.7566258e-02   2.5011072e+01   4.8310959e+00  -1.1783340e-01  -9.7093160e-02  -4.6409164e-01   6.3681804e+00   2.0987775e+01   4.7879369e-01
  -1.0440188e+00  -2.2961085e-01   2.4097672e+01   4.1062404e+00   2.2231932e-01  -1.3625426e-01  -1.7990566e-01   5.7239253e+00   2.1103701e+01   1.2661207e-01
  -9.3730873e-01  -5.2194646e-01   2.3070290e+01   3.2891680e+00   5.1705389e-01  -9.8501456e-02   1.7412160e-01   5.4852086e+00   2.1249272e+01   1.1278268e-01
  -9.3839088e-01  -8.6538017e-01   2.2946159e+01   3.8643354e+00   8.6545005e-01  -2.8610080e-02   5.1827099e-01   5.9818298e+00   2.2227853e+01  -4.4135910e-01
  -9.3953480e-01  -1.1876333e+00   2.2812376e+01   4.4024622e+00   1.1995135e+00  -4.8470455e-02   8.5215121e-01   6.5013047e+00   2.3137623e+01  -8.1091941e-01
  -9.4049042e-01  -1.4914124e+00   2.2670505e+01   4.9056991e+00   1.5197204e+00  -5.5176066e-02   1.1685641e+00   7.0325552e+00   2.3981836e+01  -1.1658834e+00
  -9.3958740e-01  -1.7915457e+00   2.2512663e+01   5.3679333e+00   1.8265129e+00  -5.8853604e-02   1.4833230e+00   7.5279075e+00   2.4778956e+01  -1.5053057e+00
  -9.4039900e-01  -2.0652657e+00   2.2350816e+01   5.8079346e+00   2.1206895e+00  -6.0961134e-02   1.7732428e+00   8.0092976e+00   2.5517165e+01  -1.7990502e+00
  -9.4195684e-01  -2.3752374e+00   2.2131457e+01   6.1897752e+00   2.4022613e+00  -6.6086904e-02   2.1021181e+00   8.4464486e+00   2.6241070e+01  -2.1384753e+00
  -9.4172220e-01  -2.6100190e+00   2.1974359e+01   6.5824613e+00   2.6723581e+00  -6.6571021e-02   2.3559875e+00   8.8702237e+00   2.6891745e+01  -2.4462129e+00
  -9.4385697e-01  -2.9051082e+00   2.1729285e+01   6.9081335e+00   2.9306379e+00  -9.2838832e-02   2.6749230e+00   9.2366270e+00   2.7551551e+01  -2.8175523e+00
  -9.4474383e-01  -3.1014247e+00   2.1583476e+01   7.2637704e+00   3.1786424e+00  -7.1926647e-02   2.8907207e+00   9.2628884e+00   2.8250498e+01  -2.7724898e+00
  -9.4511380e-01  -3.4093628e+00   2.1313915e+01   7.5256337e+00   3.4151539e+00  -1.0720115e-01   3.2262487e+00   1.0147484e+01   2.8675832e+01  -3.2075213e+00
  -9.4454267e-01  -3.5796229e+00   2.1171987e+01   7.8441143e+00   3.6427170e+00  -5.9722127e-02   3.4159069e+00   1.0363743e+01   2.9248735e+01  -3.5940859e+00
  -9.4643223e-01  -3.8540613e+00   2.0912766e+01   8.0769983e+00   3.8595097e+00  -1.3281890e-01   3.7222358e+00   1.0916240e+01   2.9698426e+01  -3.7009775e+00
  -9.4532021e-01  -4.0008783e+00   2.0775735e+01   8.3631940e+00   4.0682094e+00  -5.3553653e-02   3.8874130e+00   1.1143263e+01   3.0211568e+01  -4.0610028e+00
  -9.4768881e-01  -4.2609991e+00   2.0515960e+01   8.5617286e+00   4.2666627e+00  -1.4326194e-01   4.1819990e+00   1.1585778e+01   3.0644851e+01  -4.3304001e+00
  -9.4604574e-01  -4.3887872e+00   2.0384119e+01   8.8187896e+00   4.4579244e+00  -1.3299747e-01   4.3340899e+00   1.1641940e+01   3.1194190e+01  -4.3001282e+00
  -9.4886020e-01  -4.6335806e+00   2.0128092e+01   8.9886420e+00   4.6394590e+00  -4.7050969e-02   4.6013844e+00   1.2340730e+01   3.1441557e+01  -4.6939210e+00
  -9.4676784e-01  -4.7460365e+00   2.0000905e+01   9.2192649e+00   4.8145909e+00  -3.8947053e-02   4.7387345e+00   1.2410905e+01   3.1946479e+01  -4.6275776e+00
  -9.4994171e-01  -4.9745367e+00   1.9752302e+01   9.3654070e+00   4.9805171e+00  -1.1136409e-01   5.0017447e+00   1.2905787e+01   3.2237489e+01  -5.2422559e+00
  -9.4756627e-01  -5.0761311e+00   1.9627813e+01   9.5712033e+00   5.1407002e+00  -8.5288999e-02   5.1271103e+00   1.3374648e+01   3.2466332e+01  -5.2395482e+00
  -9.5082133e-01  -5.2879086e+00   1.9390428e+01   9.6980057e+00   5.2921862e+00  -6.3240270e-02   5.3664542e+00   1.3460470e+01   3.2961286e+01  -5.0838994e+00
  -9.4770876e-01  -5.3638878e+00   1.9283817e+01   9.8909815e+00   5.4387822e+00  -6.1570513e-02   5.4673274e+00   1.4009183e+01   3.3082607e+01  -5.5941574e+00
  -9.5202031e-01  -5.5679535e+00   1.9046145e+01   9.9957985e+00   5.5768794e+00  -5.3415301e-02   5.6998791e+00   1.4109990e+01   3.3533286e+01  -5.5506170e+00
  -9.4818052e-01  -5.6343145e+00   1.8947616e+01   1.0170375e+01   5.7106354e+00  -8.1405046e-02   5.7928613e+00   1.4687239e+01   3.3584386e+01  -5.8023078e+00
  -9.5268882e-01  -5.8299443e+00   1.8716201e+01   1.0256844e+01   5.8362870e+00  -6.8950952e-02   6.0162121e+00   1.4770608e+01   3.4016325e+01  -5.7468066e+00
  -9.4902294e-01  -5.8882416e+00   1.8621626e+01   1.0414661e+01   5.9581768e+00  -6.9364404e-02   6.0983381e+00   1.5284192e+01   3.4066779e+01  -6.2021368e+00
  -9.5333107e-01  -6.0679960e+00   1.8404627e+01   1.0490138e+01   6.0723780e+00  -6.2056808e-02   6.3052204e+00   1.5375278e+01   3.4459934e+01  -6.1928371e+00
  -9.5001605e-01  -6.1207155e+00   1.8311765e+01   1.0631312e+01   6.1832533e+00  -8.2613167e-02   6.3824570e+00   1.5909360e+01   3.4448209e+01  -6.2142623e+00
  -9.5408816e-01  -6.2818264e+00   1.8111725e+01   1.0699243e+01   6.2869064e+00  -4.9127245e-02   6.5672349e+00   1.6198674e+01   3.4653109e+01  -6.5458957e+00
  -9.5084078e-01  -6.3307655e+00   1.8021438e+01   1.0826049e+01   6.3874650e+00  -5.6261800e-02   6.6386002e+00   1.6312630e+01   3.4933432e+01  -6.5557148e+00
  -9.5479499e-01  -6.4761865e+00   1.7836257e+01   1.0886476e+01   6.4812877e+00  -8.9534771e-02   6.8116356e+00   1.6797577e+01   3.4936137e+01  -6.7012117e+00
  -9.5166130e-01  -6.5207683e+00   1.7749389e+01   1.1000802e+01   6.5722541e+00  -9.3317666e-02   6.8772166e+00   1.6912526e+01   3.5186379e+01  -6.6603607e+00
  -9.5438445e-01  -6.6530759e+00   1.7579217e+01   1.1054912e+01   6.6569180e+00  -4.5414438e-02   7.0287389e+00   1.7357052e+01   3.5189211e+01  -6.9668608e+00
  -9.5174894e-01  -6.6837695e+00   1.7503931e+01   1.1162935e+01   6.7390346e+00  -5.0853574e-02   7.0786418e+00   1.7473529e+01   3.5403323e+01  -6.9213942e+00
  -9.5502128e-01  -6.8107084e+00   1.7338426e+01   1.1207351e+01   6.8150326e+00  -7.1181995e-02   7.2292359e+00   1.7904212e+01   3.5372156e+01  -7.1218450e+00
  -9.5246695e-01  -6.8379246e+00   1.7267314e+01   1.1305226e+01   6.8887392e+00  -8.2276892e-02   7.2747174e+00   1.8028115e+01   3.5549951e+01  -7.1303399e+00
  -9.4868692e-01  -6.8681149e+00   1.7198880e+01   1.1396056e+01   6.9583024e+00  -9.3110479e-02   7.3226373e+00   1.8155406e+01   3.5715993e+01  -7.1354346e+00
  -9.5635935e-01  -7.0144002e+00   1.7008116e+01   1.1411141e+01   7.0217940e+00  -5.4236350e-02   7.4855778e+00   1.8676184e+01   3.5561551e+01  -7.4053033e+00
  -9.5344874e-01  -7.0385862e+00   1.6944725e+01   1.1495061e+01   7.0837731e+00  -6.8663790e-02   7.5259572e+00   1.8807459e+01   3.5691072e+01  -7.4331991e+00
  -9.5038631e-01  -7.0639365e+00   1.6881467e+01   1.1573535e+01   7.1420128e+00  -8.2800325e-02   7.5667824e+00   1.8937996e+01   3.5807575e+01  -7.4588524e+00
  -9.5689452e-01  -7.1875744e+00   1.6715866e+01   1.1587643e+01   7.1947603e+00  -9.1491780e-02   7.7083663e+00   1.9378343e+01   3.5659348e+01  -7.8329484e+00
  -9.5455956e-01  -7.2078326e+00   1.6656671e+01   1.1660171e+01   7.2460190e+00  -1.0647006e-01   7.7423297e+00   1.9509254e+01   3.5741933e+01  -7.8563919e+00
  -9.5196908e-01  -7.2295161e+00   1.6598550e+01   1.1727858e+01   7.2938166e+00  -1.1855777e-01   7.7766845e+00   1.9665733e+01   3.5788395e+01  -7.8713979e+00
  -9.4977528e-01  -7.2513783e+00   1.6539722e+01   1.1791482e+01   7.3382771e+00  -9.1294367e-02   7.8061023e+00   2.0110784e+01   3.5553820e+01  -7.9063871e+00
  -9.5763179e-01  -7.3694459e+00   1.6380080e+01   1.1792497e+01   7.3775843e+00  -8.1703080e-02   7.9363291e+00   2.0198718e+01   3.5666297e+01  -7.8460546e+00
  -9.5594934e-01  -7.3861726e+00   1.6326316e+01   1.1851955e+01   7.4157227e+00  -9.6446861e-02   7.9630509e+00   2.0326176e+01   3.5689454e+01  -7.8612031e+00
  -9.5413232e-01  -7.4039544e+00   1.6273746e+01   1.1907485e+01   7.4507091e+00  -1.0464113e-01   7.9892681e+00   2.0726954e+01   3.5440154e+01  -7.9843753e+00
  -9.5266570e-01  -7.4217998e+00   1.6220975e+01   1.1959751e+01   7.4826348e+00  -1.3187510e-01   8.0168782e+00   2.0900048e+01   3.5387906e+01  -8.0601933e+00
  -9.5152573e-01  -7.4396717e+00   1.6168234e+01   1.2008936e+01   7.5115559e+00  -1.5976189e-01   8.0437632e+00   2.1063024e+01   3.5328913e+01  -8.1564659e+00
  -9.5069200e-01  -7.4575163e+00   1.6115698e+01   1.2055222e+01   7.5375230e+00  -1.8528203e-01   8.0694892e+00   2.1226556e+01   3.5253235e+01  -8.2338844e+00
  -9.5014783e-01  -7.4752729e+00   1.6063509e+01   1.2098782e+01   7.5605819e+00  -2.1055654e-01   8.0942389e+00   2.1383124e+01   3.5167835e+01  -8.3052023e+00
  -9.4988018e-01  -7.4928759e+00   1.6011772e+01   1.2139786e+01   7.5807729e+00  -1.0741961e-01   8.1015382e+00   2.1672264e+01   3.4955520e+01  -8.1237887e+00
  -9.4987968e-01  -7.5102548e+00   1.5960562e+01   1.2178395e+01   7.5981314e+00  -9.2561108e-02   8.1186137e+00   2.1834005e+01   3.4837377e+01  -8.1676859e+00
  -9.4981944e-01  -7.5276503e+00   1.5910531e+01   1.2214486e+01   7.6126757e+00  -1.1395855e-01   8.1395009e+00   2.1983401e+01   3.4710340e+01  -8.2052969e+00
  -9.5034984e-01  -7.5443700e+00   1.5860482e+01   1.2248744e+01   7.6244549e+00  -1.3594941e-01   8.1588522e+00   2.2118176e+01   3.4579493e+01  -8.2608637e+00
  -9.5114026e-01  -7.5606066e+00   1.5811041e+01   1.2281074e+01   7.6334783e+00  -1.5642258e-01   8.1766118e+00   2.2248069e+01   3.4436368e+01  -8.3088992e+00
  -9.5218736e-01  -7.5762660e+00   1.5762204e+01   1.2311619e+01   7.6397616e+00  -1.2046676e-01   8.1849342e+00   2.2404838e+01   3.4257708e+01  -8.2925400e+00
  -9.5349049e-01  -7.5912508e+00   1.5713942e+01   1.2340521e+01   7.6433160e+00  -9.7386213e-02   8.1932301e+00   2.2398653e+01   3.4215579e+01  -8.1376753e+00
  -9.5719864e-01  -7.6189011e+00   1.5651069e+01   1.2359759e+01   7.6438945e+00  -1.4854474e-01   8.2243052e+00   2.2646955e+01   3.3905959e+01  -8.3151098e+00
  -9.6089036e-01  -7.6469587e+00   1.5585140e+01   1.2376560e+01   7.6416915e+00  -1.5682116e-01   8.2487847e+00   2.2766307e+01   3.3705533e+01  -8.2956735e+00
  -9.6122197e-01  -7.6469635e+00   1.5552326e+01   1.2408801e+01   7.6373205e+00  -1.6726776e-01   8.2436794e+00   2.2890285e+01   3.3477176e+01  -8.2444855e+00
  -9.6501103e-01  -7.6681944e+00   1.5493842e+01   1.2426178e+01   7.6297716e+00  -1.7189508e-01   8.2586522e+00   2.2990045e+01   3.3259039e+01  -8.2247735e+00
  -9.6737819e-01  -7.6822523e+00   1.5447224e+01   1.2446008e+01   7.6195493e+00  -1.7875127e-01   8.2657103e+00   2.3084160e+01   3.3029891e+01  -8.2030869e+00
  -9.5754431e-01  -7.5983785e+00   1.5511901e+01   1.2525900e+01   7.6086461e+00  -1.9345641e-01   8.1721200e+00   2.3184615e+01   3.2751303e+01  -8.1379526e+00
  -9.6134248e-01  -7.6053296e+00   1.5466075e+01   1.2547102e+01   7.5930436e+00  -1.9892581e-01   8.1697125e+00   2.3215618e+01   3.2537309e+01  -8.1736318e+00
  -9.6410075e-01  -7.6095975e+00   1.5425689e+01   1.2568409e+01   7.5746254e+00  -8.7972026e-02   8.1446329e+00   2.3347012e+01   3.2228801e+01  -8.0549021e+00
  -9.6686995e-01  -7.6101632e+00   1.5387935e+01   1.2590434e+01   7.5534049e+00  -9.2245061e-02   8.1335360e+00   2.3388743e+01   3.1967802e+01  -7.9966462e+00
  -9.5779823e-01  -7.5189091e+00   1.5460849e+01   1.2668607e+01   7.5311754e+00  -1.1218770e-01   8.0296835e+00   2.3458850e+01   3.1642467e+01  -7.9580804e+00
  -9.6060674e-01  -7.5138970e+00   1.5427402e+01   1.2690997e+01   7.5042025e+00  -1.1734833e-01   8.0114085e+00   2.3480080e+01   3.1359908e+01  -7.8771557e+00
  -9.6324815e-01  -7.5068958e+00   1.5397954e+01   1.2713429e+01   7.4742498e+00  -1.1918492e-01   7.9897290e+00   2.3526930e+01   3.1037339e+01  -7.8446378e+00
  -9.6609059e-01  -7.4964209e+00   1.5369167e+01   1.2736396e+01   7.4412992e+00  -1.1429401e-01   7.9624718e+00   2.3532172e+01   3.0730440e+01  -7.7936386e+00
  -9.5704259e-01  -7.3948208e+00   1.5452644e+01   1.2815214e+01   7.4070412e+00  -1.2372134e-01   7.8433846e+00   2.3551286e+01   3.0373829e+01  -7.7121016e+00
  -9.6027880e-01  -7.3781752e+00   1.5423057e+01   1.2838375e+01   7.3679429e+00  -1.1630665e-01   7.8078289e+00   2.3564866e+01   3.0013807e+01  -7.6282638e+00
  -9.6330615e-01  -7.3618972e+00   1.5398620e+01   1.2860635e+01   7.3255093e+00  -1.0345179e-01   7.7709284e+00   2.3560062e+01   2.9656387e+01  -7.5330951e+00
  -9.6584653e-01  -7.3391427e+00   1.5381566e+01   1.2885778e+01   7.2798467e+00  -8.9629419e-02   7.7264552e+00   2.3526447e+01   2.9302697e+01  -7.4667930e+00
  -9.5682490e-01  -7.2212978e+00   1.5473650e+01   1.2968003e+01   7.2326547e+00  -9.4129704e-02   7.5872439e+00   2.3513607e+01   2.8884290e+01  -7.3649809e+00
  -9.6065477e-01  -7.1982455e+00   1.5450166e+01   1.2989476e+01   7.1800880e+00  -7.3213924e-02   7.5397211e+00   2.3470057e+01   2.8494631e+01  -7.2731054e+00
  -9.6409863e-01  -7.1747675e+00   1.5428568e+01   1.3010855e+01   7.1238511e+00  -4.9809130e-02   7.4907209e+00   2.3417669e+01   2.8093918e+01  -7.1582718e+00
  -9.5440776e-01  -7.0538402e+00   1.5525685e+01   1.3089835e+01   7.0657583e+00  -1.7751546e-02   7.3396945e+00   2.3329275e+01   2.7679816e+01  -7.1214657e+00
  -9.6006838e-01  -7.0247451e+00   1.5497778e+01   1.3111498e+01   7.0021377e+00   5.7485640e-03   7.2834096e+00   2.3264452e+01   2.7237096e+01  -6.9892670e+00
  -9.5592925e-01  -6.9252861e+00   1.5557465e+01   1.3174214e+01   6.9358424e+00   3.0822376e-02   7.1544360e+00   2.3104788e+01   2.6830324e+01  -6.8619323e+00
  -9.6104816e-01  -6.8986124e+00   1.5528696e+01   1.3190588e+01   6.8641234e+00   4.4786936e-02   7.1018160e+00   2.3069368e+01   2.6326068e+01  -6.7636038e+00
  -9.5510971e-01  -6.7790290e+00   1.5608815e+01   1.3262198e+01   6.7898808e+00   6.0263799e-02   6.9534768e+00   2.2830153e+01   2.5922748e+01  -6.6493767e+00
  -9.5972296e-01  -6.7401711e+00   1.5590625e+01   1.3282669e+01   6.7098369e+00   6.8498429e-02   6.8888549e+00   2.2801030e+01   2.5367507e+01  -6.5662807e+00
  -9.6061133e-01  -6.6869290e+00   1.5600189e+01   1.3310464e+01   6.6255879e+00  -7.7110929e-03   6.8277943e+00   2.2474221e+01   2.4991615e+01  -6.7337138e+00
  -9.5382888e-01  -6.5272170e+00   1.5702060e+01   1.3400122e+01   6.5384394e+00  -4.1804791e-02   6.6486520e+00   2.2501439e+01   2.4305519e+01  -6.6879303e+00
  -9.6003158e-01  -6.4917918e+00   1.5667382e+01   1.3412307e+01   6.4443964e+00   6.1612381e-02   6.5663321e+00   2.2255266e+01   2.3831717e+01  -6.2210941e+00
  -9.5318353e-01  -6.3365142e+00   1.5772530e+01   1.3495463e+01   6.3473707e+00  -2.4827750e-02   6.4035863e+00   2.1933466e+01   2.3326400e+01  -6.5283432e+00
  -9.5994041e-01  -6.2962313e+00   1.5734223e+01   1.3506297e+01   6.2432923e+00  -3.5544156e-03   6.3343061e+00   2.1590668e+01   2.2842064e+01  -6.2392155e+00
  -9.5311643e-01  -6.1279899e+00   1.5843681e+01   1.3591999e+01   6.1359406e+00  -3.9972035e-02   6.1478174e+00   2.1629656e+01   2.2067135e+01  -6.1867981e+00
  -9.5962491e-01  -6.0854144e+00   1.5807983e+01   1.3599960e+01   6.0209175e+00   2.1990044e-02   6.0671534e+00   2.1045751e+01   2.1662436e+01  -5.9601319e+00
  -9.5236179e-01  -5.8948214e+00   1.5928435e+01   1.3693219e+01   5.9025439e+00  -1.9999431e-02   5.8598925e+00   2.1089371e+01   2.0829940e+01  -5.9056117e+00
  -9.5858219e-01  -5.8460357e+00   1.5890600e+01   1.3699306e+01   5.7758732e+00   2.2614363e-02   5.7778819e+00   2.0391439e+01   2.0400818e+01  -5.6515100e+00
  -9.5154381e-01  -5.6381890e+00   1.6020250e+01   1.3796845e+01   5.6454905e+00  -2.4231101e-02   5.5552929e+00   2.0446865e+01   1.9511992e+01  -5.5958926e+00
  -9.5065281e-01  -5.4985164e+00   1.6073711e+01   1.3850669e+01   5.5075197e+00   6.1458527e-02   5.3712357e+00   1.9634409e+01   1.9007337e+01  -5.3290458e+00
  -9.5014879e-01  -5.3539224e+00   1.6123699e+01   1.3903663e+01   5.3628930e+00  -1.9759404e-01   5.2660351e+00   1.9277801e+01   1.8251178e+01  -5.1067695e+00
  -9.4961864e-01  -5.2023950e+00   1.6174731e+01   1.3957006e+01   5.2113608e+00   1.5485171e-01   5.0061885e+00   1.8891871e+01   1.7487407e+01  -5.1378942e+00
  -9.5008009e-01  -5.0869098e+00   1.6184445e+01   1.3985666e+01   5.0520594e+00  -2.0010065e-01   4.9574208e+00   1.8609013e+01   1.6654517e+01  -4.6344760e+00
  -9.4930888e-01  -4.8800559e+00   1.6273523e+01   1.4063025e+01   4.8864700e+00  -1.2454348e-02   4.6822979e+00   1.7681366e+01   1.5926336e+01  -4.5570996e+00
  -9.4783572e-01  -4.7041021e+00   1.6334039e+01   1.4117959e+01   4.7124553e+00  -8.6771123e-02   4.5053811e+00   1.7025450e+01   1.5071125e+01  -4.4951224e+00
  -9.2559834e-01  -4.5366606e+00   1.6601554e+01   1.4130361e+01   4.7477632e+00   1.0973189e-01   4.2749100e+00   1.6440382e+01   1.4153773e+01  -4.4795486e+00
  -8.6188795e-01  -4.3539872e+00   1.6389324e+01   1.4208913e+01   4.3328777e+00   1.0807709e-01   4.1095258e+00   1.6454858e+01   1.4208706e+01  -4.3049219e+00
  -8.7659834e-01  -4.1887463e+00   1.6535963e+01   1.4244529e+01   4.2772949e+00   1.2072510e-01   3.9367702e+00   1.6515981e+01   1.4253950e+01  -4.1371119e+00
  -8.5484262e-01  -4.0310786e+00   1.6440287e+01   1.4297767e+01   4.0057313e+00   1.1633624e-01   3.7863684e+00   1.6533446e+01   1.4301708e+01  -3.9761902e+00
  -8.4955852e-01  -3.8731383e+00   1.6515245e+01   1.4337522e+01   3.8544230e+00   1.2298012e-01   3.6274647e+00   1.6591649e+01   1.4339641e+01  -3.8214712e+00
  -8.5267769e-01  -3.7287793e+00   1.6554195e+01   1.4371261e+01   3.7082034e+00   1.2202001e-01   3.4825877e+00   1.6626070e+01   1.4377699e+01  -3.6731102e+00
  -8.4902586e-01  -3.5888276e+00   1.6582107e+01   1.4403467e+01   3.5575650e+00   1.2195076e-01   3.3435932e+00   1.6657566e+01   1.4413109e+01  -3.5306909e+00
  -8.5164347e-01  -3.4558344e+00   1.6619571e+01   1.4431466e+01   3.4311020e+00   1.2209197e-01   3.2099231e+00   1.6686603e+01   1.4445811e+01  -3.3939423e+00
  -8.5118697e-01  -3.3271066e+00   1.6644959e+01   1.4458941e+01   3.3001640e+00   1.2227306e-01   3.0812606e+00   1.6713229e+01   1.4475907e+01  -3.2627084e+00
  -8.5723889e-01  -3.2205141e+00   1.6618442e+01   1.4476161e+01   3.1719196e+00   1.1619107e-01   2.9756336e+00   1.6713026e+01   1.4512630e+01  -3.1368478e+00
  -8.4738340e-01  -3.0891108e+00   1.6670167e+01   1.4508107e+01   3.0501299e+00   1.2530111e-01   2.8434866e+00   1.6763911e+01   1.4532451e+01  -3.0157870e+00
  -8.5739728e-01  -2.9937805e+00   1.6656916e+01   1.4519269e+01   2.9352735e+00   1.1956570e-01   2.7479620e+00   1.6763305e+01   1.4565483e+01  -2.8998162e+00
  -8.3807778e-01  -2.8658322e+00   1.6717076e+01   1.4547566e+01   2.8213786e+00   1.2603883e-01   2.6223354e+00   1.6807142e+01   1.4579750e+01  -2.7882442e+00
  -8.5216452e-01  -2.7807612e+00   1.6681546e+01   1.4559000e+01   2.7162416e+00   1.2073049e-01   2.5358594e+00   1.6806084e+01   1.4609536e+01  -2.6813713e+00
  -8.4744234e-01  -2.6620081e+00   1.6740014e+01   1.4585290e+01   2.6150719e+00   1.2624538e-01   2.4160178e+00   1.6842432e+01   1.4619043e+01  -2.5785427e+00
  -1.0515528e+00  -2.6331329e+00   1.6816884e+01   1.4573573e+01   2.6642245e+00   1.2134159e-01   2.3376751e+00   1.6840958e+01   1.4645959e+01  -2.4800486e+00
  -8.5351237e-01  -2.4706705e+00   1.6777312e+01   1.4616202e+01   2.4281823e+00   1.2625557e-01   2.2230430e+00   1.6869945e+01   1.4651261e+01  -2.3852766e+00
  -8.5226264e-01  -2.3975092e+00   1.6748978e+01   1.4621724e+01   2.3319996e+00   1.2172429e-01   2.1520323e+00   1.6868137e+01   1.4675638e+01  -2.2944951e+00
  -8.4780071e-01  -2.2897721e+00   1.6801290e+01   1.4644498e+01   2.2462652e+00   1.2585884e-01   2.0436320e+00   1.6889424e+01   1.4677982e+01  -2.2070671e+00
  -8.5354783e-01  -2.2250989e+00   1.6778566e+01   1.4647406e+01   2.1630418e+00   1.2171367e-01   1.9791839e+00   1.6887507e+01   1.4700083e+01  -2.1234714e+00
  -8.4846577e-01  -2.1229230e+00   1.6817218e+01   1.4670370e+01   2.0823100e+00   1.2571629e-01   1.8765937e+00   1.6903942e+01   1.4699981e+01  -2.0428768e+00
  -1.0428329e+00  -2.1119430e+00   1.6922107e+01   1.4648292e+01   2.1253876e+00   1.2190773e-01   1.8181017e+00   1.6901985e+01   1.4720077e+01  -1.9657425e+00
  -8.4898796e-01  -1.9681439e+00   1.6841104e+01   1.4691261e+01   1.9350732e+00   1.2541600e-01   1.7217238e+00   1.6914105e+01   1.4718247e+01  -1.8915199e+00
  -8.3693260e-01  -1.9105174e+00   1.6999049e+01   1.4659630e+01   1.8157906e+00   1.2193004e-01   1.6685544e+00   1.6912179e+01   1.4736518e+01  -1.8204106e+00
  -8.4834825e-01  -1.8251783e+00   1.6850165e+01   1.4711032e+01   1.7968861e+00   1.2511307e-01   1.5789908e+00   1.6921228e+01   1.4733825e+01  -1.7519725e+00
  -8.4719121e-01  -1.7752128e+00   1.6891225e+01   1.4699621e+01   1.7160977e+00   1.2193106e-01   1.5305937e+00   1.6919403e+01   1.4750442e+01  -1.6864021e+00
  -8.3253671e-01  -1.7234607e+00   1.7012595e+01   1.4673886e+01   1.5897695e+00   1.1931458e-01   1.4836140e+00   1.6918762e+01   1.4765942e+01  -1.6234518e+00
  -1.0246535e+00  -1.6900354e+00   1.7138490e+01   1.4676527e+01   1.6548185e+00   1.2697622e-01   1.3988519e+00   1.6940629e+01   1.4760698e+01  -1.5628236e+00
  -1.0281798e+00  -1.6472990e+00   1.6854328e+01   1.4723729e+01   1.5884897e+00   1.2403589e-01   1.3564369e+00   1.6938704e+01   1.4774950e+01  -1.5047007e+00
  -8.5895801e-01  -1.5178733e+00   1.6890607e+01   1.4745990e+01   1.4882063e+00   1.2360614e-01   1.2693056e+00   1.6938281e+01   1.4763485e+01  -1.4487061e+00
  -8.5297665e-01  -1.4769789e+00   1.6853626e+01   1.4747092e+01   1.4373911e+00   1.2106800e-01   1.2309492e+00   1.6936336e+01   1.4776667e+01  -1.3950982e+00
  -8.5033660e-01  -1.4381429e+00   1.6908560e+01   1.4732430e+01   1.3699019e+00   1.1899255e-01   1.1936315e+00   1.6935380e+01   1.4788940e+01  -1.3436021e+00
  -1.0685819e+00  -1.4243766e+00   1.6672346e+01   1.4793151e+01   1.5300931e+00   1.2637431e-01   1.1222279e+00   1.6947543e+01   1.4782771e+01  -1.2939935e+00
  -8.5376672e-01  -1.3353461e+00   1.6827873e+01   1.4762592e+01   1.3001561e+00   1.2398151e-01   1.0884233e+00   1.6945797e+01   1.4794051e+01  -1.2464003e+00
  -1.0705981e+00  -1.3563308e+00   1.6643892e+01   1.4787701e+01   1.4389380e+00   1.2200637e-01   1.0554905e+00   1.6944918e+01   1.4804536e+01  -1.2006887e+00
  -8.4844222e-01  -1.2303895e+00   1.6897005e+01   1.4770115e+01   1.2018608e+00   1.2581151e-01   9.8397347e-01   1.6955524e+01   1.4793725e+01  -1.1566121e+00
  -8.8894052e-01  -1.2101801e+00   1.6808121e+01   1.4779775e+01   1.3333422e+00   1.2367156e-01   9.5435663e-01   1.6953611e+01   1.4803526e+01  -1.1143339e+00
  -9.2060522e-01  -1.1885887e+00   1.6755359e+01   1.4783508e+01   1.4023042e+00   1.2190912e-01   9.2547559e-01   1.6952494e+01   1.4812616e+01  -1.0737071e+00
  -8.4521279e-01  -1.1016650e+00   1.6908004e+01   1.4781624e+01   1.0784123e+00   1.2532316e-01   8.5616367e-01   1.6955854e+01   1.4799447e+01  -1.0345151e+00
  -1.0369059e+00  -1.1234444e+00   1.7178517e+01   1.4724587e+01   1.1213636e+00   1.2342450e-01   8.3024662e-01   1.6953996e+01   1.4808006e+01  -9.9689068e-01
  -9.9589491e-01  -1.0871222e+00   1.6980908e+01   1.4756745e+01   8.9353626e-01   1.2186520e-01   8.0493865e-01   1.6952866e+01   1.4815932e+01  -9.6072335e-01
  -1.0326031e+00  -1.0710807e+00   1.7151958e+01   1.4719320e+01   1.0240636e+00   1.2059893e-01   7.8015725e-01   1.6952368e+01   1.4823281e+01  -9.2591036e-01
  -8.4736546e-01  -9.6566393e-01   1.6899182e+01   1.4789542e+01   9.3338324e-01   1.2626357e-01   7.1941579e-01   1.6962724e+01   1.4811278e+01  -8.9227789e-01
  -8.4926605e-01  -9.4338363e-01   1.6905521e+01   1.4782969e+01   9.0099369e-01   1.2456729e-01   6.9729450e-01   1.6960951e+01   1.4818249e+01  -8.6000550e-01
  -8.5261772e-01  -9.2207203e-01   1.6848285e+01   1.4787907e+01   8.7356973e-01   1.2317062e-01   6.7567324e-01   1.6959817e+01   1.4824671e+01  -8.2892470e-01
  -8.5609629e-01  -9.0128401e-01   1.6766553e+01   1.4797315e+01   8.4116602e-01   1.2203136e-01   6.5445182e-01   1.6959240e+01   1.4830602e+01  -7.9897344e-01
  -8.2487827e-01  -8.3474354e-01   1.7119043e+01   1.4757982e+01   6.7815733e-01   1.2562587e-01   5.9429561e-01   1.6965858e+01   1.4815322e+01  -7.6999297e-01
  -1.0301033e+00  -8.6737491e-01   1.7268086e+01   1.4722384e+01   8.5999393e-01   1.2417335e-01   5.7559657e-01   1.6964073e+01   1.4821072e+01  -7.4210124e-01
  -1.0722577e+00  -8.5920266e-01   1.7277221e+01   1.4715009e+01   9.2673816e-01   1.2297729e-01   5.5726179e-01   1.6962857e+01   1.4826361e+01  -7.1525813e-01
  -8.2579995e-01  -7.7854815e-01   1.7005489e+01   1.4763604e+01   6.2248213e-01   1.2200465e-01   5.3925305e-01   1.6962141e+01   1.4831224e+01  -6.8935103e-01
  -8.5398736e-01  -7.6766904e-01   1.6861252e+01   1.4784985e+01   7.0948361e-01   1.2122797e-01   5.2156700e-01   1.6961865e+01   1.4835683e+01  -6.6433591e-01
  -8.5211721e-01  -7.1379593e-01   1.6919612e+01   1.4798314e+01   6.8902953e-01   1.2623129e-01   4.6626376e-01   1.6970872e+01   1.4820140e+01  -6.4011754e-01
  -8.5385492e-01  -6.9829929e-01   1.6904006e+01   1.4795705e+01   6.6015121e-01   1.2496487e-01   4.5080229e-01   1.6969142e+01   1.4824529e+01  -6.1672319e-01
  -8.5341418e-01  -6.8252619e-01   1.6829354e+01   1.4803760e+01   6.4056955e-01   1.2391905e-01   4.3553810e-01   1.6967919e+01   1.4828547e+01  -5.9414321e-01
  -1.0404415e+00  -7.1439459e-01   1.6934143e+01   1.4780186e+01   7.1269270e-01   1.2306922e-01   4.2049737e-01   1.6967149e+01   1.4832204e+01  -5.7229289e-01
  -1.0628747e+00  -7.0494476e-01   1.7055906e+01   1.4753271e+01   7.7989870e-01   1.2239114e-01   4.0566675e-01   1.6966779e+01   1.4835521e+01  -5.5113376e-01
  -1.0094144e+00  -6.7659455e-01   1.7056945e+01   1.4749004e+01   5.2921665e-01   1.2186426e-01   3.9104721e-01   1.6966766e+01   1.4838514e+01  -5.3063001e-01
  -1.0235441e+00  -6.2776798e-01   1.7031025e+01   1.4780507e+01   5.9416773e-01   1.2653590e-01   3.3665640e-01   1.6978402e+01   1.4820846e+01  -5.1073736e-01
  -8.5240464e-01  -5.7213270e-01   1.6912824e+01   1.4795856e+01   5.4025675e-01   1.2547944e-01   3.2473048e-01   1.6976620e+01   1.4823760e+01  -4.9137967e-01
  -1.0410364e+00  -6.0692089e-01   1.7038590e+01   1.4767788e+01   6.2135124e-01   1.2456892e-01   3.1216659e-01   1.6975280e+01   1.4826604e+01  -4.7263196e-01
  -1.0629473e+00  -5.9985694e-01   1.7117495e+01   1.4748026e+01   7.4190311e-01   1.2384210e-01   2.9986133e-01   1.6974375e+01   1.4829095e+01  -4.5442059e-01
  -8.6476273e-01  -5.3728658e-01   1.6718209e+01   1.4815165e+01   4.8763947e-01   1.2326619e-01   2.8762008e-01   1.6973854e+01   1.4831310e+01  -4.3669451e-01
  -1.0340671e+00  -5.6773174e-01   1.6905906e+01   1.4778312e+01   5.0711784e-01   1.2282576e-01   2.7548243e-01   1.6973680e+01   1.4833248e+01  -4.1942752e-01
  -8.5648131e-01  -5.1068673e-01   1.6839305e+01   1.4786197e+01   4.5479235e-01   1.2250451e-01   2.6343834e-01   1.6973818e+01   1.4834923e+01  -4.0258921e-01
  -1.0498688e+00  -5.1028361e-01   1.6877280e+01   1.4805088e+01   5.8972830e-01   1.2647530e-01   2.1235365e-01   1.6986543e+01   1.4816339e+01  -3.8612366e-01
  -8.5216171e-01  -4.5030911e-01   1.6927381e+01   1.4790120e+01   4.1927779e-01   1.2562949e-01   2.0276960e-01   1.6984843e+01   1.4818034e+01  -3.7002813e-01
  -8.7349054e-01  -4.4509628e-01   1.6908158e+01   1.4788440e+01   4.5877832e-01   1.2490497e-01   1.9243756e-01   1.6983564e+01   1.4819704e+01  -3.5430268e-01
  -1.0493934e+00  -4.7915440e-01   1.7012842e+01   1.4764225e+01   5.3134738e-01   1.2434204e-01   1.8222836e-01   1.6982707e+01   1.4821072e+01  -3.3890700e-01
  -1.0695718e+00  -4.7381490e-01   1.7141642e+01   1.4735021e+01   6.1308152e-01   1.2391255e-01   1.7197719e-01   1.6982228e+01   1.4822200e+01  -3.2379787e-01
  -8.4428940e-01  -4.0643788e-01   1.7003096e+01   1.4756664e+01   3.2393708e-01   1.2360324e-01   1.6171460e-01   1.6982096e+01   1.4823088e+01  -3.0895248e-01
  -1.0784936e+00  -4.5525390e-01   1.6698518e+01   1.4804784e+01   4.4796446e-01   1.2340037e-01   1.5143325e-01   1.6982283e+01   1.4823743e+01  -2.9434467e-01
  -1.0505218e+00  -4.3780532e-01   1.6709218e+01   1.4798596e+01   4.5107767e-01   1.2329211e-01   1.4113106e-01   1.6982763e+01   1.4824173e+01  -2.7994936e-01
  -8.7458772e-01  -3.4833366e-01   1.6739834e+01   1.4817386e+01   4.0203675e-01   1.2687213e-01   9.4467115e-02   1.6999958e+01   1.4805719e+01  -2.6570681e-01
  -8.5057396e-01  -3.3372304e-01   1.6939534e+01   1.4776661e+01   3.0337351e-01   1.2620637e-01   8.6202488e-02   1.6998428e+01   1.4806271e+01  -2.5165417e-01
  -1.0480571e+00  -3.7459013e-01   1.6635725e+01   1.4821753e+01   3.4761207e-01   1.2566014e-01   7.7276505e-02   1.6997337e+01   1.4806756e+01  -2.3774923e-01
  -8.5167175e-01  -3.1570616e-01   1.6926180e+01   1.4767585e+01   2.7531885e-01   1.2525886e-01   6.8300206e-02   1.6996678e+01   1.4806979e+01  -2.2396615e-01
  -1.0336787e+00  -3.5252562e-01   1.6937839e+01   1.4759579e+01   3.2952669e-01   1.2498085e-01   5.9173397e-02   1.6996415e+01   1.4806979e+01  -2.1027106e-01
  -1.0493506e+00  -3.4713326e-01   1.6935719e+01   1.4754360e+01   3.7632132e-01   1.2481404e-01   4.9911051e-02   1.6996521e+01   1.4806754e+01  -1.9664192e-01
  -8.5184071e-01  -2.8767793e-01   1.6946134e+01   1.4747226e+01   2.2775387e-01   1.2474673e-01   4.0507862e-02   1.6996974e+01   1.4806308e+01  -1.8305483e-01
  -8.5764434e-01  -2.7957818e-01   1.6738281e+01   1.4777559e+01   2.1675819e-01   1.2476874e-01   3.0960098e-02   1.6997752e+01   1.4805643e+01  -1.6948622e-01
  -8.4413828e-01  -2.3136481e-01   1.7112144e+01   1.4736679e+01   1.7307700e-01   1.2741521e-01  -1.5279685e-02   1.7019860e+01   1.4786787e+01  -1.5587938e-01
  -1.0266365e+00  -2.7091235e-01   1.7072672e+01   1.4734097e+01   2.3013818e-01   1.2697523e-01  -2.1851182e-02   1.7018507e+01   1.4785897e+01  -1.4228796e-01
  -1.0479175e+00  -2.6751966e-01   1.6962858e+01   1.4747156e+01   3.1135568e-01   1.2656729e-01  -3.0451279e-02   1.7017592e+01   1.4785342e+01  -1.2862398e-01
  -1.0818371e+00  -2.6729549e-01   1.6584993e+01   1.4802748e+01   3.7307029e-01   1.2631177e-01  -3.9128462e-02   1.7017168e+01   1.4784485e+01  -1.1490200e-01
  -8.5264456e-01  -2.0010982e-01   1.6941835e+01   1.4736912e+01   1.5086013e-01   1.2617992e-01  -4.8103469e-02   1.7017199e+01   1.4783400e+01  -1.0107554e-01
  -1.0630590e+00  -2.4415200e-01   1.6962940e+01   1.4725974e+01   1.9030448e-01   1.2616144e-01  -5.7348409e-02   1.7017663e+01   1.4782075e+01  -8.7123630e-02
  -1.0552269e+00  -2.3263776e-01   1.7142933e+01   1.4685539e+01   3.0400374e-01   1.2624537e-01  -6.6871728e-02   1.7018537e+01   1.4780513e+01  -7.3021518e-02
  -1.0734228e+00  -1.9350542e-01   1.7424377e+01   1.4653618e+01   3.8201221e-01   1.2776349e-01  -1.1197716e-01   1.7043205e+01   1.4761062e+01  -5.8716387e-02
  -1.0108803e+00  -1.7037283e-01   1.7162565e+01   1.4694239e+01   9.7262002e-02   1.2745382e-01  -1.1902204e-01   1.7042005e+01   1.4759308e+01  -4.4253264e-02
  -8.5414463e-01  -1.2144787e-01   1.6984628e+01   1.4718328e+01   9.8610857e-02   1.2720396e-01  -1.2796585e-01   1.7041346e+01   1.4757773e+01  -2.9545724e-02
  -8.5292805e-01  -1.1185033e-01   1.6951500e+01   1.4715198e+01   6.9919316e-02   1.2711162e-01  -1.3716730e-01   1.7041261e+01   1.4755919e+01  -1.4601507e-02
  -8.5104541e-01  -1.0172771e-01   1.6962089e+01   1.4704343e+01   4.9925068e-02   1.2715305e-01  -1.4677498e-01   1.7041718e+01   1.4753796e+01   6.2090090e-04
  -1.0790104e+00  -1.4956385e-01   1.6603161e+01   1.4754572e+01   2.3077717e-01   1.2731354e-01  -1.5683677e-01   1.7042696e+01   1.4751409e+01   1.6152806e-02
  -1.0327099e+00  -9.3608728e-02   1.7045325e+01   1.4701823e+01   9.3243100e-02   1.2837085e-01  -2.0226239e-01   1.7070317e+01   1.4731274e+01   3.2029309e-02
  -8.3383793e-01  -3.5091565e-02   1.7467381e+01   1.4606815e+01  -1.1153015e-01   1.2818059e-01  -2.0998364e-01   1.7069264e+01   1.4728601e+01   4.8243720e-02
  -8.5323237e-01  -3.0088116e-02   1.7017038e+01   1.4682684e+01  -2.5263165e-03   1.2806413e-01  -2.1981626e-01   1.7068868e+01   1.4726121e+01   6.4861392e-02
  -1.0280101e+00  -6.4290011e-02   1.7018494e+01   1.4671183e+01   1.6249886e-02   1.2812103e-01  -2.3005779e-01   1.7069155e+01   1.4723279e+01   8.1882948e-02
  -1.0508578e+00  -5.9292627e-02   1.7137773e+01   1.4638054e+01   1.2006000e-01   1.2832625e-01  -2.4086780e-01   1.7070096e+01   1.4720121e+01   9.9356067e-02
  -1.0758812e+00  -2.2138533e-02   1.6910011e+01   1.4695762e+01   1.7431359e-01   1.2875996e-01  -2.8549807e-01   1.7098508e+01   1.4699121e+01   1.1731101e-01
  -1.0861683e+00  -1.4760802e-02   1.6895148e+01   1.4684452e+01   2.4852724e-01   1.2862975e-01  -2.9534788e-01   1.7097610e+01   1.4695930e+01   1.3578125e-01
