-0 	0 	0.114592 	0.114592 	0 	-0 	-0 	0.114592 	0.114592 	-0
-0 	0 	0.229183 	0.229183 	0 	-0 	-0 	0.229183 	0.229183 	-0
-0 	0 	0.343775 	0.343775 	0 	-0 	-0 	0.343775 	0.343775 	-0
-0 	0 	0.458366 	0.458366 	0 	-0 	-0 	0.458366 	0.458366 	-0
-0 	0 	0.572958 	0.572958 	0 	-0 	-0 	0.572958 	0.572958 	-0
-0 	0 	0.687549 	0.687549 	0 	-0 	-0 	0.687549 	0.687549 	-0
-0 	0 	0.802141 	0.802141 	0 	-0 	-0 	0.802141 	0.802141 	-0
-0 	0 	0.916732 	0.916732 	0 	-0 	-0 	0.916732 	0.916732 	-0
-0 	0 	1.03132 	1.03132 	0 	-0 	-0 	1.03132 	1.03132 	-0
-0 	0 	1.14592 	1.14592 	0 	-0 	-0 	1.14592 	1.14592 	-0
-0 	0 	1.26051 	1.26051 	0 	-0 	-0 	1.26051 	1.26051 	-0
-0 	0 	1.3751 	1.3751 	0 	-0 	-0 	1.3751 	1.3751 	-0
-0 	0 	1.48969 	1.48969 	0 	-0 	-0 	1.48969 	1.48969 	-0
-0 	0 	1.60428 	1.60428 	0 	-0 	-0 	1.60428 	1.60428 	-0
-0 	0 	1.71887 	1.71887 	0 	-0 	-0 	1.71887 	1.71887 	-0
-0 	0 	1.83346 	1.83346 	0 	-0 	-0 	1.83346 	1.83346 	-0
-0 	0 	1.94806 	1.94806 	0 	-0 	-0 	1.94806 	1.94806 	-0
-0 	0 	2.06265 	2.06265 	0 	-0 	-0 	2.06265 	2.06265 	-0
-0 	0 	2.17724 	2.17724 	0 	-0 	-0 	2.17724 	2.17724 	-0
-0 	0 	2.29183 	2.29183 	0 	-0 	-0 	2.29183 	2.29183 	-0
-0 	0 	2.40642 	2.40642 	0 	-0 	-0 	2.40642 	2.40642 	-0
-0 	0 	2.52101 	2.52101 	0 	-0 	-0 	2.52101 	2.52101 	-0
-0 	0 	2.63561 	2.63561 	0 	-0 	-0 	2.63561 	2.63561 	-0
-0 	0 	2.7502 	2.7502 	0 	-0 	-0 	2.7502 	2.7502 	-0
-0 	0 	2.86479 	2.86479 	0 	-0 	-0 	2.86479 	2.86479 	-0
-0 	0 	2.97938 	2.97938 	0 	-0 	-0 	2.97938 	2.97938 	-0
-0 	0 	3.09397 	3.09397 	0 	-0 	-0 	3.09397 	3.09397 	-0
-0 	0 	3.20856 	3.20856 	0 	-0 	-0 	3.20856 	3.20856 	-0
-0 	0 	3.32316 	3.32316 	0 	-0 	-0 	3.32316 	3.32316 	-0
-0 	0 	3.43775 	3.43775 	0 	-0 	-0 	3.43775 	3.43775 	-0
-0 	0 	3.55234 	3.55234 	0 	-0 	-0 	3.55234 	3.55234 	-0
-0 	0 	3.66693 	3.66693 	0 	-0 	-0 	3.66693 	3.66693 	-0
-0 	0 	3.78152 	3.78152 	0 	-0 	-0 	3.78152 	3.78152 	-0
-0 	0 	3.89611 	3.89611 	0 	-0 	-0 	3.89611 	3.89611 	-0
-0 	0 	4.0107 	4.0107 	0 	-0 	-0 	4.0107 	4.0107 	-0
-0 	0 	4.1253 	4.1253 	0 	-0 	-0 	4.1253 	4.1253 	-0
-0 	0 	4.23989 	4.23989 	0 	-0 	-0 	4.23989 	4.23989 	-0
-0 	0 	4.35448 	4.35448 	0 	-0 	-0 	4.35448 	4.35448 	-0
-0 	0 	4.46907 	4.46907 	0 	-0 	-0 	4.46907 	4.46907 	-0
-0 	0 	4.58366 	4.58366 	0 	-0 	-0 	4.58366 	4.58366 	-0
-0 	0 	4.69825 	4.69825 	0 	-0 	-0 	4.69825 	4.69825 	-0
-0 	0 	4.81285 	4.81285 	0 	-0 	-0 	4.81285 	4.81285 	-0
-0 	0 	4.92744 	4.92744 	0 	-0 	-0 	4.92744 	4.92744 	-0
-0 	0 	5.04203 	5.04203 	0 	-0 	-0 	5.04203 	5.04203 	-0
-0 	0 	5.15662 	5.15662 	0 	-0 	-0 	5.15662 	5.15662 	-0
-0 	0 	5.27121 	5.27121 	0 	-0 	-0 	5.27121 	5.27121 	-0
-0 	0 	5.3858 	5.3858 	0 	-0 	-0 	5.3858 	5.3858 	-0
-0 	0 	5.50039 	5.50039 	0 	-0 	-0 	5.50039 	5.50039 	-0
-0 	0 	5.61499 	5.61499 	0 	-0 	-0 	5.61499 	5.61499 	-0
-0 	0 	5.72958 	5.72958 	0 	-0 	-0 	5.72958 	5.72958 	-0
-0 	0 	5.84417 	5.84417 	0 	-0 	-0 	5.84417 	5.84417 	-0
-0 	0 	5.95876 	5.95876 	0 	-0 	-0 	5.95876 	5.95876 	-0
-0 	0 	6.07335 	6.07335 	0 	-0 	-0 	6.07335 	6.07335 	-0
-0 	0 	6.18794 	6.18794 	0 	-0 	-0 	6.18794 	6.18794 	-0
-0 	0 	6.30254 	6.30254 	0 	-0 	-0 	6.30254 	6.30254 	-0
-0 	0 	6.41713 	6.41713 	0 	-0 	-0 	6.41713 	6.41713 	-0
-0 	0 	6.53172 	6.53172 	0 	-0 	-0 	6.53172 	6.53172 	-0
-0 	0 	6.64631 	6.64631 	0 	-0 	-0 	6.64631 	6.64631 	-0
-0 	0 	6.7609 	6.7609 	0 	-0 	-0 	6.7609 	6.7609 	-0
-0 	0 	6.87549 	6.87549 	0 	-0 	-0 	6.87549 	6.87549 	-0
-0 	0 	6.99009 	6.99009 	0 	-0 	-0 	6.99009 	6.99009 	-0
-0 	0 	7.10468 	7.10468 	0 	-0 	-0 	7.10468 	7.10468 	-0
-0 	0 	7.21927 	7.21927 	0 	-0 	-0 	7.21927 	7.21927 	-0
-0 	0 	7.33386 	7.33386 	0 	-0 	-0 	7.33386 	7.33386 	-0
-0 	0 	7.44845 	7.44845 	0 	-0 	-0 	7.44845 	7.44845 	-0
-0 	0 	7.56304 	7.56304 	0 	-0 	-0 	7.56304 	7.56304 	-0
-0 	0 	7.67763 	7.67763 	0 	-0 	-0 	7.67763 	7.67763 	-0
-0 	0 	7.79223 	7.79223 	0 	-0 	-0 	7.79223 	7.79223 	-0
-0 	0 	7.90682 	7.90682 	0 	-0 	-0 	7.90682 	7.90682 	-0
-0 	0 	8.02141 	8.02141 	0 	-0 	-0 	8.02141 	8.02141 	-0
-0 	0 	8.136 	8.136 	0 	-0 	-0 	8.136 	8.136 	-0
-0 	0 	8.25059 	8.25059 	0 	-0 	-0 	8.25059 	8.25059 	-0
-0 	0 	8.36518 	8.36518 	0 	-0 	-0 	8.36518 	8.36518 	-0
-0 	0 	8.47978 	8.47978 	0 	-0 	-0 	8.47978 	8.47978 	-0
-0 	0 	8.59437 	8.59437 	0 	-0 	-0 	8.59437 	8.59437 	-0
-0 	0 	8.70896 	8.70896 	0 	-0 	-0 	8.70896 	8.70896 	-0
-0 	0 	8.82355 	8.82355 	0 	-0 	-0 	8.82355 	8.82355 	-0
-0 	0 	8.93814 	8.93814 	0 	-0 	-0 	8.93814 	8.93814 	-0
-0 	0 	9.05273 	9.05273 	0 	-0 	-0 	9.05273 	9.05273 	-0
-0 	0 	9.16732 	9.16732 	0 	-0 	-0 	9.16732 	9.16732 	-0
-0 	-0.0916732 	9.16732 	9.16732 	0.0916732 	-0 	0.0916732 	9.16732 	9.16732 	-0.0916732
-0 	-0.183346 	9.16732 	9.16732 	0.183346 	-0 	0.183346 	9.16732 	9.16732 	-0.183346
-0 	-0.27502 	9.16732 	9.16732 	0.27502 	-0 	0.27502 	9.16732 	9.16732 	-0.27502
-0 	-0.366693 	9.16732 	9.16732 	0.366693 	-0 	0.366693 	9.16732 	9.16732 	-0.366693
-0 	-0.458366 	9.16732 	9.16732 	0.458366 	-0 	0.458366 	9.16732 	9.16732 	-0.458366
-0 	-0.550039 	9.16732 	9.16732 	0.550039 	-0 	0.550039 	9.16732 	9.16732 	-0.550039
-0 	-0.641713 	9.16732 	9.16732 	0.641713 	-0 	0.641713 	9.16732 	9.16732 	-0.641713
-0 	-0.733386 	9.16732 	9.16732 	0.733386 	-0 	0.733386 	9.16732 	9.16732 	-0.733386
-0 	-0.825059 	9.16732 	9.16732 	0.825059 	-0 	0.825059 	9.16732 	9.16732 	-0.825059
-0 	-0.916732 	9.16732 	9.16732 	0.916732 	-0 	0.916732 	9.16732 	9.16732 	-0.916732
-0 	-1.00841 	9.16732 	9.16732 	1.00841 	-0 	1.00841 	9.16732 	9.16732 	-1.00841
-0 	-1.10008 	9.16732 	9.16732 	1.10008 	-0 	1.10008 	9.16732 	9.16732 	-1.10008
-0 	-1.19175 	9.16732 	9.16732 	1.19175 	-0 	1.19175 	9.16732 	9.16732 	-1.19175
-0 	-1.28343 	9.16732 	9.16732 	1.28343 	-0 	1.28343 	9.16732 	9.16732 	-1.28343
-0 	-1.3751 	9.16732 	9.16732 	1.3751 	-0 	1.3751 	9.16732 	9.16732 	-1.3751
-0 	-1.46677 	9.16732 	9.16732 	1.46677 	-0 	1.46677 	9.16732 	9.16732 	-1.46677
-0 	-1.55845 	9.16732 	9.16732 	1.55845 	-0 	1.55845 	9.16732 	9.16732 	-1.55845
-0 	-1.65012 	9.16732 	9.16732 	1.65012 	-0 	1.65012 	9.16732 	9.16732 	-1.65012
-0 	-1.74179 	9.16732 	9.16732 	1.74179 	-0 	1.74179 	9.16732 	9.16732 	-1.74179
-0 	-1.83346 	9.16732 	9.16732 	1.83346 	-0 	1.83346 	9.16732 	9.16732 	-1.83346
-0 	-1.92514 	9.16732 	9.16732 	1.92514 	-0 	1.92514 	9.16732 	9.16732 	-1.92514
-0 	-2.01681 	9.16732 	9.16732 	2.01681 	-0 	2.01681 	9.16732 	9.16732 	-2.01681
-0 	-2.10848 	9.16732 	9.16732 	2.10848 	-0 	2.10848 	9.16732 	9.16732 	-2.10848
-0 	-2.20016 	9.16732 	9.16732 	2.20016 	-0 	2.20016 	9.16732 	9.16732 	-2.20016
-0 	-2.29183 	9.16732 	9.16732 	2.29183 	-0 	2.29183 	9.16732 	9.16732 	-2.29183
-0 	-2.3835 	9.16732 	9.16732 	2.3835 	-0 	2.3835 	9.16732 	9.16732 	-2.3835
-0 	-2.47518 	9.16732 	9.16732 	2.47518 	-0 	2.47518 	9.16732 	9.16732 	-2.47518
-0 	-2.56685 	9.16732 	9.16732 	2.56685 	-0 	2.56685 	9.16732 	9.16732 	-2.56685
-0 	-2.65852 	9.16732 	9.16732 	2.65852 	-0 	2.65852 	9.16732 	9.16732 	-2.65852
-0 	-2.7502 	9.16732 	9.16732 	2.7502 	-0 	2.7502 	9.16732 	9.16732 	-2.7502
-0 	-2.84187 	9.16732 	9.16732 	2.84187 	-0 	2.84187 	9.16732 	9.16732 	-2.84187
-0 	-2.93354 	9.16732 	9.16732 	2.93354 	-0 	2.93354 	9.16732 	9.16732 	-2.93354
-0 	-3.02522 	9.16732 	9.16732 	3.02522 	-0 	3.02522 	9.16732 	9.16732 	-3.02522
-0 	-3.11689 	9.16732 	9.16732 	3.11689 	-0 	3.11689 	9.16732 	9.16732 	-3.11689
-0 	-3.20856 	9.16732 	9.16732 	3.20856 	-0 	3.20856 	9.16732 	9.16732 	-3.20856
-0 	-3.30024 	9.16732 	9.16732 	3.30024 	-0 	3.30024 	9.16732 	9.16732 	-3.30024
-0 	-3.39191 	9.16732 	9.16732 	3.39191 	-0 	3.39191 	9.16732 	9.16732 	-3.39191
-0 	-3.48358 	9.16732 	9.16732 	3.48358 	-0 	3.48358 	9.16732 	9.16732 	-3.48358
-0 	-3.57526 	9.16732 	9.16732 	3.57526 	-0 	3.57526 	9.16732 	9.16732 	-3.57526
-0 	-3.66693 	9.16732 	9.16732 	3.66693 	-0 	3.66693 	9.16732 	9.16732 	-3.66693
-0 	-3.7586 	9.16732 	9.16732 	3.7586 	-0 	3.7586 	9.16732 	9.16732 	-3.7586
-0 	-3.85028 	9.16732 	9.16732 	3.85028 	-0 	3.85028 	9.16732 	9.16732 	-3.85028
-0 	-3.94195 	9.16732 	9.16732 	3.94195 	-0 	3.94195 	9.16732 	9.16732 	-3.94195
-0 	-4.03362 	9.16732 	9.16732 	4.03362 	-0 	4.03362 	9.16732 	9.16732 	-4.03362
-0 	-4.1253 	9.16732 	9.16732 	4.1253 	-0 	4.1253 	9.16732 	9.16732 	-4.1253
-0 	-4.21697 	9.16732 	9.16732 	4.21697 	-0 	4.21697 	9.16732 	9.16732 	-4.21697
-0 	-4.30864 	9.16732 	9.16732 	4.30864 	-0 	4.30864 	9.16732 	9.16732 	-4.30864
-0 	-4.40032 	9.16732 	9.16732 	4.40032 	-0 	4.40032 	9.16732 	9.16732 	-4.40032
-0 	-4.49199 	9.16732 	9.16732 	4.49199 	-0 	4.49199 	9.16732 	9.16732 	-4.49199
-0 	-4.58366 	9.16732 	9.16732 	4.58366 	-0 	4.58366 	9.16732 	9.16732 	-4.58366
-0 	-4.67534 	9.16732 	9.16732 	4.67534 	-0 	4.67534 	9.16732 	9.16732 	-4.67534
-0 	-4.76701 	9.16732 	9.16732 	4.76701 	-0 	4.76701 	9.16732 	9.16732 	-4.76701
-0 	-4.85868 	9.16732 	9.16732 	4.85868 	-0 	4.85868 	9.16732 	9.16732 	-4.85868
-0 	-4.95036 	9.16732 	9.16732 	4.95036 	-0 	4.95036 	9.16732 	9.16732 	-4.95036
-0 	-5.04203 	9.16732 	9.16732 	5.04203 	-0 	5.04203 	9.16732 	9.16732 	-5.04203
-0 	-5.1337 	9.16732 	9.16732 	5.1337 	-0 	5.1337 	9.16732 	9.16732 	-5.1337
-0 	-5.22538 	9.16732 	9.16732 	5.22538 	-0 	5.22538 	9.16732 	9.16732 	-5.22538
-0 	-5.31705 	9.16732 	9.16732 	5.31705 	-0 	5.31705 	9.16732 	9.16732 	-5.31705
-0 	-5.40872 	9.16732 	9.16732 	5.40872 	-0 	5.40872 	9.16732 	9.16732 	-5.40872
-0 	-5.50039 	9.16732 	9.16732 	5.50039 	-0 	5.50039 	9.16732 	9.16732 	-5.50039
-0 	-5.59207 	9.16732 	9.16732 	5.59207 	-0 	5.59207 	9.16732 	9.16732 	-5.59207
-0 	-5.68374 	9.16732 	9.16732 	5.68374 	-0 	5.68374 	9.16732 	9.16732 	-5.68374
-0 	-5.77541 	9.16732 	9.16732 	5.77541 	-0 	5.77541 	9.16732 	9.16732 	-5.77541
-0 	-5.86709 	9.16732 	9.16732 	5.86709 	-0 	5.86709 	9.16732 	9.16732 	-5.86709
-0 	-5.95876 	9.16732 	9.16732 	5.95876 	-0 	5.95876 	9.16732 	9.16732 	-5.95876
-0 	-6.05043 	9.16732 	9.16732 	6.05043 	-0 	6.05043 	9.16732 	9.16732 	-6.05043
-0 	-6.14211 	9.16732 	9.16732 	6.14211 	-0 	6.14211 	9.16732 	9.16732 	-6.14211
-0 	-6.23378 	9.16732 	9.16732 	6.23378 	-0 	6.23378 	9.16732 	9.16732 	-6.23378
-0 	-6.32545 	9.16732 	9.16732 	6.32545 	-0 	6.32545 	9.16732 	9.16732 	-6.32545
-0 	-6.41713 	9.16732 	9.16732 	6.41713 	-0 	6.41713 	9.16732 	9.16732 	-6.41713
-0 	-6.5088 	9.16732 	9.16732 	6.5088 	-0 	6.5088 	9.16732 	9.16732 	-6.5088
-0 	-6.60047 	9.16732 	9.16732 	6.60047 	-0 	6.60047 	9.16732 	9.16732 	-6.60047
-0 	-6.69215 	9.16732 	9.16732 	6.69215 	-0 	6.69215 	9.16732 	9.16732 	-6.69215
-0 	-6.78382 	9.16732 	9.16732 	6.78382 	-0 	6.78382 	9.16732 	9.16732 	-6.78382
-0 	-6.87549 	9.16732 	9.16732 	6.87549 	-0 	6.87549 	9.16732 	9.16732 	-6.87549
-0 	-6.96717 	9.16732 	9.16732 	6.96717 	-0 	6.96717 	9.16732 	9.16732 	-6.96717
-0 	-7.05884 	9.16732 	9.16732 	7.05884 	-0 	7.05884 	9.16732 	9.16732 	-7.05884
-0 	-7.15051 	9.16732 	9.16732 	7.15051 	-0 	7.15051 	9.16732 	9.16732 	-7.15051
-0 	-7.24219 	9.16732 	9.16732 	7.24219 	-0 	7.24219 	9.16732 	9.16732 	-7.24219
-0 	-7.33386 	9.16732 	9.16732 	7.33386 	-0 	7.33386 	9.16732 	9.16732 	-7.33386
-0 	-7.42553 	9.16732 	9.16732 	7.42553 	-0 	7.42553 	9.16732 	9.16732 	-7.42553
-0 	-7.51721 	9.16732 	9.16732 	7.51721 	-0 	7.51721 	9.16732 	9.16732 	-7.51721
-0 	-7.60888 	9.16732 	9.16732 	7.60888 	-0 	7.60888 	9.16732 	9.16732 	-7.60888
-0 	-7.70055 	9.16732 	9.16732 	7.70055 	-0 	7.70055 	9.16732 	9.16732 	-7.70055
-0 	-7.79223 	9.16732 	9.16732 	7.79223 	-0 	7.79223 	9.16732 	9.16732 	-7.79223
-0 	-7.8839 	9.16732 	9.16732 	7.8839 	-0 	7.8839 	9.16732 	9.16732 	-7.8839
-0 	-7.97557 	9.16732 	9.16732 	7.97557 	-0 	7.97557 	9.16732 	9.16732 	-7.97557
-0 	-8.06725 	9.16732 	9.16732 	8.06725 	-0 	8.06725 	9.16732 	9.16732 	-8.06725
-0 	-8.15892 	9.16732 	9.16732 	8.15892 	-0 	8.15892 	9.16732 	9.16732 	-8.15892
-0 	-8.25059 	9.16732 	9.16732 	8.25059 	-0 	8.25059 	9.16732 	9.16732 	-8.25059
-0 	-8.34227 	9.16732 	9.16732 	8.34227 	-0 	8.34227 	9.16732 	9.16732 	-8.34227
-0 	-8.43394 	9.16732 	9.16732 	8.43394 	-0 	8.43394 	9.16732 	9.16732 	-8.43394
-0 	-8.52561 	9.16732 	9.16732 	8.52561 	-0 	8.52561 	9.16732 	9.16732 	-8.52561
-0 	-8.61729 	9.16732 	9.16732 	8.61729 	-0 	8.61729 	9.16732 	9.16732 	-8.61729
-0 	-8.70896 	9.16732 	9.16732 	8.70896 	-0 	8.70896 	9.16732 	9.16732 	-8.70896
-0 	-8.80063 	9.16732 	9.16732 	8.80063 	-0 	8.80063 	9.16732 	9.16732 	-8.80063
-0 	-8.8923 	9.16732 	9.16732 	8.8923 	-0 	8.8923 	9.16732 	9.16732 	-8.8923
-0 	-8.98398 	9.16732 	9.16732 	8.98398 	-0 	8.98398 	9.16732 	9.16732 	-8.98398
-0 	-9.07565 	9.16732 	9.16732 	9.07565 	-0 	9.07565 	9.16732 	9.16732 	-9.07565
-0 	-9.16732 	9.16732 	9.16732 	9.16732 	-0 	9.16732 	9.16732 	9.16732 	-9.16732
-0 	-9.259 	9.16732 	9.16732 	9.259 	-0 	9.259 	9.16732 	9.16732 	-9.259
-0 	-9.35067 	9.16732 	9.16732 	9.35067 	-0 	9.35067 	9.16732 	9.16732 	-9.35067
-0 	-9.44234 	9.16732 	9.16732 	9.44234 	-0 	9.44234 	9.16732 	9.16732 	-9.44234
-0 	-9.53402 	9.16732 	9.16732 	9.53402 	-0 	9.53402 	9.16732 	9.16732 	-9.53402
-0 	-9.62569 	9.16732 	9.16732 	9.62569 	-0 	9.62569 	9.16732 	9.16732 	-9.62569
-0 	-9.71736 	9.16732 	9.16732 	9.71736 	-0 	9.71736 	9.16732 	9.16732 	-9.71736
-0 	-9.80904 	9.16732 	9.16732 	9.80904 	-0 	9.80904 	9.16732 	9.16732 	-9.80904
-0 	-9.90071 	9.16732 	9.16732 	9.90071 	-0 	9.90071 	9.16732 	9.16732 	-9.90071
-0 	-9.99238 	9.16732 	9.16732 	9.99238 	-0 	9.99238 	9.16732 	9.16732 	-9.99238
-0 	-10.0841 	9.16732 	9.16732 	10.0841 	-0 	10.0841 	9.16732 	9.16732 	-10.0841
-0 	-10.1757 	9.16732 	9.16732 	10.1757 	-0 	10.1757 	9.16732 	9.16732 	-10.1757
-0 	-10.2674 	9.16732 	9.16732 	10.2674 	-0 	10.2674 	9.16732 	9.16732 	-10.2674
-0 	-10.3591 	9.16732 	9.16732 	10.3591 	-0 	10.3591 	9.16732 	9.16732 	-10.3591
-0 	-10.4508 	9.16732 	9.16732 	10.4508 	-0 	10.4508 	9.16732 	9.16732 	-10.4508
-0 	-10.5424 	9.16732 	9.16732 	10.5424 	-0 	10.5424 	9.16732 	9.16732 	-10.5424
-0 	-10.6341 	9.16732 	9.16732 	10.6341 	-0 	10.6341 	9.16732 	9.16732 	-10.6341
-0 	-10.7258 	9.16732 	9.16732 	10.7258 	-0 	10.7258 	9.16732 	9.16732 	-10.7258
-0 	-10.8174 	9.16732 	9.16732 	10.8174 	-0 	10.8174 	9.16732 	9.16732 	-10.8174
-0 	-10.9091 	9.16732 	9.16732 	10.9091 	-0 	10.9091 	9.16732 	9.16732 	-10.9091
-0 	-11.0008 	9.16732 	9.16732 	11.0008 	-0 	11.0008 	9.16732 	9.16732 	-11.0008
-0 	-11.0925 	9.16732 	9.16732 	11.0925 	-0 	11.0925 	9.16732 	9.16732 	-11.0925
-0 	-11.1841 	9.16732 	9.16732 	11.1841 	-0 	11.1841 	9.16732 	9.16732 	-11.1841
-0 	-11.2758 	9.16732 	9.16732 	11.2758 	-0 	11.2758 	9.16732 	9.16732 	-11.2758
-0 	-11.3675 	9.16732 	9.16732 	11.3675 	-0 	11.3675 	9.16732 	9.16732 	-11.3675
-0 	-11.4592 	9.16732 	9.16732 	11.4592 	-0 	11.4592 	9.16732 	9.16732 	-11.4592
-0 	-11.5508 	9.16732 	9.16732 	11.5508 	-0 	11.5508 	9.16732 	9.16732 	-11.5508
-0 	-11.6425 	9.16732 	9.16732 	11.6425 	-0 	11.6425 	9.16732 	9.16732 	-11.6425
-0 	-11.7342 	9.16732 	9.16732 	11.7342 	-0 	11.7342 	9.16732 	9.16732 	-11.7342
-0 	-11.8258 	9.16732 	9.16732 	11.8258 	-0 	11.8258 	9.16732 	9.16732 	-11.8258
-0 	-11.9175 	9.16732 	9.16732 	11.9175 	-0 	11.9175 	9.16732 	9.16732 	-11.9175
-0 	-12.0092 	9.16732 	9.16732 	12.0092 	-0 	12.0092 	9.16732 	9.16732 	-12.0092
-0 	-12.1009 	9.16732 	9.16732 	12.1009 	-0 	12.1009 	9.16732 	9.16732 	-12.1009
-0 	-12.1925 	9.16732 	9.16732 	12.1925 	-0 	12.1925 	9.16732 	9.16732 	-12.1925
-0 	-12.2842 	9.16732 	9.16732 	12.2842 	-0 	12.2842 	9.16732 	9.16732 	-12.2842
-0 	-12.3759 	9.16732 	9.16732 	12.3759 	-0 	12.3759 	9.16732 	9.16732 	-12.3759
-0 	-12.4676 	9.16732 	9.16732 	12.4676 	-0 	12.4676 	9.16732 	9.16732 	-12.4676
-0 	-12.5592 	9.16732 	9.16732 	12.5592 	-0 	12.5592 	9.16732 	9.16732 	-12.5592
-0 	-12.6509 	9.16732 	9.16732 	12.6509 	-0 	12.6509 	9.16732 	9.16732 	-12.6509
-0 	-12.7426 	9.16732 	9.16732 	12.7426 	-0 	12.7426 	9.16732 	9.16732 	-12.7426
-0 	-12.8343 	9.16732 	9.16732 	12.8343 	-0 	12.8343 	9.16732 	9.16732 	-12.8343
-0 	-12.9259 	9.16732 	9.16732 	12.9259 	-0 	12.9259 	9.16732 	9.16732 	-12.9259
-0 	-13.0176 	9.16732 	9.16732 	13.0176 	-0 	13.0176 	9.16732 	9.16732 	-13.0176
-0 	-13.1093 	9.16732 	9.16732 	13.1093 	-0 	13.1093 	9.16732 	9.16732 	-13.1093
-0 	-13.2009 	9.16732 	9.16732 	13.2009 	-0 	13.2009 	9.16732 	9.16732 	-13.2009
-0 	-13.2926 	9.16732 	9.16732 	13.2926 	-0 	13.2926 	9.16732 	9.16732 	-13.2926
-0 	-13.3843 	9.16732 	9.16732 	13.3843 	-0 	13.3843 	9.16732 	9.16732 	-13.3843
-0 	-13.476 	9.16732 	9.16732 	13.476 	-0 	13.476 	9.16732 	9.16732 	-13.476
-0 	-13.5676 	9.16732 	9.16732 	13.5676 	-0 	13.5676 	9.16732 	9.16732 	-13.5676
-0 	-13.6593 	9.16732 	9.16732 	13.6593 	-0 	13.6593 	9.16732 	9.16732 	-13.6593
-0 	-13.751 	9.16732 	9.16732 	13.751 	-0 	13.751 	9.16732 	9.16732 	-13.751
-0 	-13.8427 	9.16732 	9.16732 	13.8427 	-0 	13.8427 	9.16732 	9.16732 	-13.8427
-0 	-13.9343 	9.16732 	9.16732 	13.9343 	-0 	13.9343 	9.16732 	9.16732 	-13.9343
-0 	-14.026 	9.16732 	9.16732 	14.026 	-0 	14.026 	9.16732 	9.16732 	-14.026
-0 	-14.1177 	9.16732 	9.16732 	14.1177 	-0 	14.1177 	9.16732 	9.16732 	-14.1177
-0 	-14.2094 	9.16732 	9.16732 	14.2094 	-0 	14.2094 	9.16732 	9.16732 	-14.2094
-0 	-14.301 	9.16732 	9.16732 	14.301 	-0 	14.301 	9.16732 	9.16732 	-14.301
-0 	-14.3927 	9.16732 	9.16732 	14.3927 	-0 	14.3927 	9.16732 	9.16732 	-14.3927
-0 	-14.4844 	9.16732 	9.16732 	14.4844 	-0 	14.4844 	9.16732 	9.16732 	-14.4844
-0 	-14.576 	9.16732 	9.16732 	14.576 	-0 	14.576 	9.16732 	9.16732 	-14.576
-0 	-14.6677 	9.16732 	9.16732 	14.6677 	-0 	14.6677 	9.16732 	9.16732 	-14.6677
-0 	-14.7594 	9.16732 	9.16732 	14.7594 	-0 	14.7594 	9.16732 	9.16732 	-14.7594
-0 	-14.8511 	9.16732 	9.16732 	14.8511 	-0 	14.8511 	9.16732 	9.16732 	-14.8511
-0 	-14.9427 	9.16732 	9.16732 	14.9427 	-0 	14.9427 	9.16732 	9.16732 	-14.9427
-0 	-15.0344 	9.16732 	9.16732 	15.0344 	-0 	15.0344 	9.16732 	9.16732 	-15.0344
-0 	-15.1261 	9.16732 	9.16732 	15.1261 	-0 	15.1261 	9.16732 	9.16732 	-15.1261
-0 	-15.2178 	9.16732 	9.16732 	15.2178 	-0 	15.2178 	9.16732 	9.16732 	-15.2178
-0 	-15.3094 	9.16732 	9.16732 	15.3094 	-0 	15.3094 	9.16732 	9.16732 	-15.3094
-0 	-15.4011 	9.16732 	9.16732 	15.4011 	-0 	15.4011 	9.16732 	9.16732 	-15.4011
-0 	-15.4928 	9.16732 	9.16732 	15.4928 	-0 	15.4928 	9.16732 	9.16732 	-15.4928
-0 	-15.5845 	9.16732 	9.16732 	15.5845 	-0 	15.5845 	9.16732 	9.16732 	-15.5845
-0 	-15.6761 	9.16732 	9.16732 	15.6761 	-0 	15.6761 	9.16732 	9.16732 	-15.6761
-0 	-15.7678 	9.16732 	9.16732 	15.7678 	-0 	15.7678 	9.16732 	9.16732 	-15.7678
-0 	-15.8595 	9.16732 	9.16732 	15.8595 	-0 	15.8595 	9.16732 	9.16732 	-15.8595
-0 	-15.9511 	9.16732 	9.16732 	15.9511 	-0 	15.9511 	9.16732 	9.16732 	-15.9511
-0 	-16.0428 	9.16732 	9.16732 	16.0428 	-0 	16.0428 	9.16732 	9.16732 	-16.0428
-0 	-16.1345 	9.16732 	9.16732 	16.1345 	-0 	16.1345 	9.16732 	9.16732 	-16.1345
-0 	-16.2262 	9.16732 	9.16732 	16.2262 	-0 	16.2262 	9.16732 	9.16732 	-16.2262
-0 	-16.3178 	9.16732 	9.16732 	16.3178 	-0 	16.3178 	9.16732 	9.16732 	-16.3178
-0 	-16.4095 	9.16732 	9.16732 	16.4095 	-0 	16.4095 	9.16732 	9.16732 	-16.4095
-0 	-16.5012 	9.16732 	9.16732 	16.5012 	-0 	16.5012 	9.16732 	9.16732 	-16.5012
-0 	-16.5929 	9.16732 	9.16732 	16.5929 	-0 	16.5929 	9.16732 	9.16732 	-16.5929
-0 	-16.6845 	9.16732 	9.16732 	16.6845 	-0 	16.6845 	9.16732 	9.16732 	-16.6845
-0 	-16.7762 	9.16732 	9.16732 	16.7762 	-0 	16.7762 	9.16732 	9.16732 	-16.7762
-0 	-16.8679 	9.16732 	9.16732 	16.8679 	-0 	16.8679 	9.16732 	9.16732 	-16.8679
-0 	-16.9596 	9.16732 	9.16732 	16.9596 	-0 	16.9596 	9.16732 	9.16732 	-16.9596
-0 	-17.0512 	9.16732 	9.16732 	17.0512 	-0 	17.0512 	9.16732 	9.16732 	-17.0512
-0 	-17.1429 	9.16732 	9.16732 	17.1429 	-0 	17.1429 	9.16732 	9.16732 	-17.1429
-0 	-17.2346 	9.16732 	9.16732 	17.2346 	-0 	17.2346 	9.16732 	9.16732 	-17.2346
-0 	-17.3262 	9.16732 	9.16732 	17.3262 	-0 	17.3262 	9.16732 	9.16732 	-17.3262
-0 	-17.4179 	9.16732 	9.16732 	17.4179 	-0 	17.4179 	9.16732 	9.16732 	-17.4179
-0 	-17.5096 	9.16732 	9.16732 	17.5096 	-0 	17.5096 	9.16732 	9.16732 	-17.5096
-0 	-17.6013 	9.16732 	9.16732 	17.6013 	-0 	17.6013 	9.16732 	9.16732 	-17.6013
-0 	-17.6929 	9.16732 	9.16732 	17.6929 	-0 	17.6929 	9.16732 	9.16732 	-17.6929
-0 	-17.7846 	9.16732 	9.16732 	17.7846 	-0 	17.7846 	9.16732 	9.16732 	-17.7846
-0 	-17.8763 	9.16732 	9.16732 	17.8763 	-0 	17.8763 	9.16732 	9.16732 	-17.8763
-0 	-17.968 	9.16732 	9.16732 	17.968 	-0 	17.968 	9.16732 	9.16732 	-17.968
-0 	-18.0596 	9.16732 	9.16732 	18.0596 	-0 	18.0596 	9.16732 	9.16732 	-18.0596
-0 	-18.1513 	9.16732 	9.16732 	18.1513 	-0 	18.1513 	9.16732 	9.16732 	-18.1513
-0 	-18.243 	9.16732 	9.16732 	18.243 	-0 	18.243 	9.16732 	9.16732 	-18.243
-0 	-18.3346 	9.16732 	9.16732 	18.3346 	-0 	18.3346 	9.16732 	9.16732 	-18.3346
-0 	-18.3346 	9.16732 	9.16732 	18.3346 	-0 	18.3346 	9.16732 	9.59704 	-18.3346
-0 	-18.3346 	9.16732 	9.16732 	18.3346 	-0 	18.3346 	9.16732 	10.0268 	-18.3346
-0 	-18.3346 	9.16732 	9.16732 	18.3346 	-0 	18.3346 	9.16732 	10.4565 	-18.3346
-0 	-18.3346 	9.16732 	9.16732 	18.3346 	-0 	18.3346 	9.16732 	10.8862 	-18.3346
-0 	-18.3346 	9.16732 	9.16732 	18.3346 	-0 	18.3346 	9.16732 	11.3159 	-18.3346
-0 	-18.3346 	9.16732 	9.16732 	18.3346 	-0 	18.3346 	9.16732 	11.7456 	-18.3346
-0 	-18.3346 	9.16732 	9.16732 	18.3346 	-0 	18.3346 	9.16732 	12.1754 	-18.3346
-0 	-18.3346 	9.16732 	9.16732 	18.3346 	-0 	18.3346 	9.16732 	12.6051 	-18.3346
-0 	-18.3346 	9.16732 	9.16732 	18.3346 	-0 	18.3346 	9.16732 	13.0348 	-18.3346
-0 	-18.3346 	9.16732 	9.16732 	18.3346 	-0 	18.3346 	9.16732 	13.4645 	-18.3346
-0 	-18.3346 	9.16732 	9.16732 	18.3346 	-0 	18.3346 	9.16732 	13.8942 	-18.3346
-0 	-18.3346 	9.16732 	9.16732 	18.3346 	-0 	18.3346 	9.16732 	14.3239 	-18.3346
-0 	-18.3346 	9.16732 	9.16732 	18.3346 	-0 	18.3346 	9.16732 	14.7537 	-18.3346
-0 	-18.3346 	9.16732 	9.16732 	18.3346 	-0 	18.3346 	9.16732 	15.1834 	-18.3346
-0 	-18.3346 	9.16732 	9.16732 	18.3346 	-0 	18.3346 	9.16732 	15.6131 	-18.3346
-0 	-18.3346 	9.16732 	9.16732 	18.3346 	-0 	18.3346 	9.16732 	16.0428 	-18.3346
-0 	-18.3346 	9.16732 	9.16732 	18.3346 	-0 	18.3346 	9.16732 	16.4725 	-18.3346
-0 	-18.3346 	9.16732 	9.16732 	18.3346 	-0 	18.3346 	9.16732 	16.9023 	-18.3346
-0 	-18.3346 	9.16732 	9.16732 	18.3346 	-0 	18.3346 	9.16732 	17.332 	-18.3346
-0 	-18.3346 	9.16732 	9.16732 	18.3346 	-0 	18.3346 	9.16732 	17.7617 	-18.3346
-0 	-18.3346 	9.16732 	9.16732 	18.3346 	-0 	18.3346 	9.16732 	18.1914 	-18.3346
-0 	-18.3346 	9.16732 	9.16732 	18.3346 	-0 	18.3346 	9.16732 	18.6211 	-18.3346
-0 	-18.3346 	9.16732 	9.16732 	18.3346 	-0 	18.3346 	9.16732 	19.0508 	-18.3346
-0 	-18.3346 	9.16732 	9.16732 	18.3346 	-0 	18.3346 	9.16732 	19.4806 	-18.3346
-0 	-18.3346 	9.16732 	9.16732 	18.3346 	-0 	18.3346 	9.16732 	19.9103 	-18.3346
-0 	-18.3346 	9.16732 	9.16732 	18.3346 	-0 	18.3346 	9.16732 	20.34 	-18.3346
-0 	-18.3346 	9.16732 	9.16732 	18.3346 	-0 	18.3346 	9.16732 	20.7697 	-18.3346
-0 	-18.3346 	9.16732 	9.16732 	18.3346 	-0 	18.3346 	9.16732 	21.1994 	-18.3346
-0 	-18.3346 	9.16732 	9.16732 	18.3346 	-0 	18.3346 	9.16732 	21.6292 	-18.3346
-0 	-18.3346 	9.16732 	9.16732 	18.3346 	-0 	18.3346 	9.16732 	22.0589 	-18.3346
-0 	-18.3346 	9.16732 	9.16732 	18.3346 	-0 	18.3346 	9.16732 	22.4886 	-18.3346
-0 	-18.3346 	9.16732 	9.16732 	18.3346 	-0 	18.3346 	9.16732 	22.9183 	-18.3346
-0 	-18.3346 	9.16732 	9.16732 	18.3346 	-0 	18.3346 	9.16732 	23.348 	-18.3346
-0 	-18.3346 	9.16732 	9.16732 	18.3346 	-0 	18.3346 	9.16732 	23.7777 	-18.3346
-0 	-18.3346 	9.16732 	9.16732 	18.3346 	-0 	18.3346 	9.16732 	24.2075 	-18.3346
-0 	-18.3346 	9.16732 	9.16732 	18.3346 	-0 	18.3346 	9.16732 	24.6372 	-18.3346
-0 	-18.3346 	9.16732 	9.16732 	18.3346 	-0 	18.3346 	9.16732 	25.0669 	-18.3346
-0 	-18.3346 	9.16732 	9.16732 	18.3346 	-0 	18.3346 	9.16732 	25.4966 	-18.3346
-0 	-18.3346 	9.16732 	9.16732 	18.3346 	-0 	18.3346 	9.16732 	25.9263 	-18.3346
-0 	-18.3346 	9.16732 	9.16732 	18.3346 	-0 	18.3346 	9.16732 	26.3561 	-18.3346
-0 	-18.3346 	9.16732 	9.16732 	18.3346 	-0 	18.3346 	9.31056 	26.3561 	-18.3346
-0 	-18.3346 	9.16732 	9.16732 	18.3346 	-0 	18.3346 	9.4538 	26.3561 	-18.3346
-0 	-18.3346 	9.16732 	9.16732 	18.3346 	-0 	18.3346 	9.59704 	26.3561 	-18.3346
-0 	-18.3346 	9.16732 	9.16732 	18.3346 	-0 	18.3346 	9.74028 	26.3561 	-18.3346
-0 	-18.3346 	9.16732 	9.16732 	18.3346 	-0 	18.3346 	9.88352 	26.3561 	-18.3346
-0 	-18.3346 	9.16732 	9.16732 	18.3346 	-0 	18.3346 	10.0268 	26.3561 	-18.3346
-0 	-18.3346 	9.16732 	9.16732 	18.3346 	-0 	18.3346 	10.17 	26.3561 	-18.3346
-0 	-18.3346 	9.16732 	9.16732 	18.3346 	-0 	18.3346 	10.3132 	26.3561 	-18.3346
-0 	-18.3346 	9.16732 	9.16732 	18.3346 	-0 	18.3346 	10.4565 	26.3561 	-18.3346
-0 	-18.3346 	9.16732 	9.16732 	18.3346 	-0 	18.3346 	10.5997 	26.3561 	-18.3346
-0 	-18.3346 	9.16732 	9.16732 	18.3346 	-0 	18.3346 	10.743 	26.3561 	-18.3346
-0 	-18.3346 	9.16732 	9.16732 	18.3346 	-0 	18.3346 	10.8862 	26.3561 	-18.3346
-0 	-18.3346 	9.16732 	9.16732 	18.3346 	-0 	18.3346 	11.0294 	26.3561 	-18.3346
-0 	-18.3346 	9.16732 	9.16732 	18.3346 	-0 	18.3346 	11.1727 	26.3561 	-18.3346
-0 	-18.3346 	9.16732 	9.16732 	18.3346 	-0 	18.3346 	11.3159 	26.3561 	-18.3346
-0 	-18.3346 	9.16732 	9.16732 	18.3346 	-0 	18.3346 	11.4592 	26.3561 	-18.3346
-0 	-18.3346 	9.16732 	9.16732 	18.3346 	-0 	18.3346 	11.6024 	26.3561 	-18.3346
-0 	-18.3346 	9.16732 	9.16732 	18.3346 	-0 	18.3346 	11.7456 	26.3561 	-18.3346
-0 	-18.3346 	9.16732 	9.16732 	18.3346 	-0 	18.3346 	11.8889 	26.3561 	-18.3346
-0 	-18.3346 	9.16732 	9.16732 	18.3346 	-0 	18.3346 	12.0321 	26.3561 	-18.3346
-0 	-18.3346 	9.16732 	9.16732 	18.3346 	-0 	18.3346 	12.1754 	26.3561 	-18.3346
-0 	-18.3346 	9.16732 	9.16732 	18.3346 	-0 	18.3346 	12.3186 	26.3561 	-18.3346
-0 	-18.3346 	9.16732 	9.16732 	18.3346 	-0 	18.3346 	12.4618 	26.3561 	-18.3346
-0 	-18.3346 	9.16732 	9.16732 	18.3346 	-0 	18.3346 	12.6051 	26.3561 	-18.3346
-0 	-18.3346 	9.16732 	9.16732 	18.3346 	-0 	18.3346 	12.7483 	26.3561 	-18.3346
-0 	-18.3346 	9.16732 	9.16732 	18.3346 	-0 	18.3346 	12.8916 	26.3561 	-18.3346
-0 	-18.3346 	9.16732 	9.16732 	18.3346 	-0 	18.3346 	13.0348 	26.3561 	-18.3346
-0 	-18.3346 	9.16732 	9.16732 	18.3346 	-0 	18.3346 	13.178 	26.3561 	-18.3346
-0 	-18.3346 	9.16732 	9.16732 	18.3346 	-0 	18.3346 	13.3213 	26.3561 	-18.3346
-0 	-18.3346 	9.16732 	9.16732 	18.3346 	-0 	18.3346 	13.4645 	26.3561 	-18.3346
-0 	-18.3346 	9.16732 	9.16732 	18.3346 	-0 	18.3346 	13.6077 	26.3561 	-18.3346
-0 	-18.3346 	9.16732 	9.16732 	18.3346 	-0 	18.3346 	13.751 	26.3561 	-18.3346
-0 	-18.3346 	9.16732 	9.16732 	18.3346 	-0 	18.3346 	13.8942 	26.3561 	-18.3346
-0 	-18.3346 	9.16732 	9.16732 	18.3346 	-0 	18.3346 	14.0375 	26.3561 	-18.3346
-0 	-18.3346 	9.16732 	9.16732 	18.3346 	-0 	18.3346 	14.1807 	26.3561 	-18.3346
-0 	-18.3346 	9.16732 	9.16732 	18.3346 	-0 	18.3346 	14.3239 	26.3561 	-18.3346
-0 	-18.3346 	9.16732 	9.16732 	18.3346 	-0 	18.3346 	14.4672 	26.3561 	-18.3346
-0 	-18.3346 	9.16732 	9.16732 	18.3346 	-0 	18.3346 	14.6104 	26.3561 	-18.3346
-0 	-18.3346 	9.16732 	9.16732 	18.3346 	-0 	18.3346 	14.7537 	26.3561 	-18.3346
-0 	-18.3346 	9.16732 	9.16732 	18.3346 	-0 	18.3346 	14.8969 	26.3561 	-18.3346
-0 	-18.3346 	9.16732 	9.16732 	18.3346 	-0 	18.3346 	15.0401 	26.3561 	-18.3346
-0 	-18.3346 	9.16732 	9.16732 	18.3346 	-0 	18.3346 	15.1834 	26.3561 	-18.3346
-0 	-18.3346 	9.16732 	9.16732 	18.3346 	-0 	18.3346 	15.3266 	26.3561 	-18.3346
-0 	-18.3346 	9.16732 	9.16732 	18.3346 	-0 	18.3346 	15.4699 	26.3561 	-18.3346
-0 	-18.3346 	9.16732 	9.16732 	18.3346 	-0 	18.3346 	15.6131 	26.3561 	-18.3346
-0 	-18.3346 	9.16732 	9.16732 	18.3346 	-0 	18.3346 	15.7563 	26.3561 	-18.3346
-0 	-18.3346 	9.16732 	9.16732 	18.3346 	-0 	18.3346 	15.8996 	26.3561 	-18.3346
-0 	-18.3346 	9.16732 	9.16732 	18.3346 	-0 	18.3346 	16.0428 	26.3561 	-18.3346
-0 	-18.3346 	9.16732 	9.16732 	18.3346 	-0 	18.3346 	16.1861 	26.3561 	-18.3346
-0 	-18.3346 	9.16732 	9.16732 	18.3346 	-0 	18.3346 	16.3293 	26.3561 	-18.3346
-0 	-18.3346 	9.16732 	9.16732 	18.3346 	-0 	18.3346 	16.4725 	26.3561 	-18.3346
-0 	-18.3346 	9.16732 	9.16732 	18.3346 	-0 	18.3346 	16.6158 	26.3561 	-18.3346
-0 	-18.3346 	9.16732 	9.16732 	18.3346 	-0 	18.3346 	16.759 	26.3561 	-18.3346
-0 	-18.3346 	9.16732 	9.16732 	18.3346 	-0 	18.3346 	16.9023 	26.3561 	-18.3346
-0 	-18.3346 	9.16732 	9.16732 	18.3346 	-0 	18.3346 	17.0455 	26.3561 	-18.3346
-0 	-18.3346 	9.16732 	9.16732 	18.3346 	-0 	18.3346 	17.1887 	26.3561 	-18.3346
-0 	-18.3346 	9.16732 	9.16732 	18.3346 	-0 	18.3346 	17.332 	26.3561 	-18.3346
-0 	-18.3346 	9.16732 	9.16732 	18.3346 	-0 	18.3346 	17.4752 	26.3561 	-18.3346
-0 	-18.3346 	9.16732 	9.16732 	18.3346 	-0 	18.3346 	17.6185 	26.3561 	-18.3346
-0 	-18.3346 	9.16732 	9.16732 	18.3346 	-0 	18.3346 	17.7617 	26.3561 	-18.3346
-0 	-18.3346 	9.16732 	9.16732 	18.3346 	-0 	18.3346 	17.9049 	26.3561 	-18.3346
-0 	-18.3346 	9.16732 	9.16732 	18.3346 	-0 	18.3346 	18.0482 	26.3561 	-18.3346
-0 	-18.3346 	9.16732 	9.16732 	18.3346 	-0 	18.3346 	18.1914 	26.3561 	-18.3346
-0 	-18.3346 	9.16732 	9.16732 	18.3346 	-0 	18.3346 	18.3346 	26.3561 	-18.3346
-0 	-18.3346 	9.16732 	9.16732 	18.3346 	-0 	18.3346 	18.4779 	26.3561 	-18.3346
-0 	-18.3346 	9.16732 	9.16732 	18.3346 	-0 	18.3346 	18.6211 	26.3561 	-18.3346
-0 	-18.3346 	9.16732 	9.16732 	18.3346 	-0 	18.3346 	18.7644 	26.3561 	-18.3346
-0 	-18.3346 	9.16732 	9.16732 	18.3346 	-0 	18.3346 	18.9076 	26.3561 	-18.3346
-0 	-18.3346 	9.16732 	9.16732 	18.3346 	-0 	18.3346 	19.0508 	26.3561 	-18.3346
-0 	-18.3346 	9.16732 	9.16732 	18.3346 	-0 	18.3346 	19.1941 	26.3561 	-18.3346
-0 	-18.3346 	9.16732 	9.16732 	18.3346 	-0 	18.3346 	19.3373 	26.3561 	-18.3346
-0 	-18.3346 	9.16732 	9.16732 	18.3346 	-0 	18.3346 	19.4806 	26.3561 	-18.3346
-0 	-18.3346 	9.16732 	9.16732 	18.3346 	-0 	18.3346 	19.6238 	26.3561 	-18.3346
-0 	-18.3346 	9.16732 	9.16732 	18.3346 	-0 	18.3346 	19.767 	26.3561 	-18.3346
-0 	-18.3346 	9.16732 	9.16732 	18.3346 	-0 	18.3346 	19.9103 	26.3561 	-18.3346
-0 	-18.3346 	9.16732 	9.16732 	18.3346 	-0 	18.3346 	20.0535 	26.3561 	-18.3346
-0 	-18.3346 	9.16732 	9.16732 	18.3346 	-0 	18.3346 	20.1968 	26.3561 	-18.3346
-0 	-18.3346 	9.16732 	9.16732 	18.3346 	-0 	18.3346 	20.34 	26.3561 	-18.3346
-0 	-18.3346 	9.16732 	9.16732 	18.3346 	-0 	18.3346 	20.4832 	26.3561 	-18.3346
-0 	-18.3346 	9.16732 	9.16732 	18.3346 	-0 	18.3346 	20.6265 	26.3561 	-18.3346
-0 	-18.3346 	9.16732 	9.16732 	18.3346 	-0 	18.3346 	20.7697 	26.3561 	-18.3346
-0 	-18.3346 	9.16732 	9.16732 	18.3346 	-0 	18.3346 	20.913 	26.3561 	-18.3346
-0 	-18.3346 	9.16732 	9.16732 	18.3346 	-0 	18.3346 	21.0562 	26.3561 	-18.3346
-0 	-18.3346 	9.16732 	9.16732 	18.3346 	-0 	18.3346 	21.1994 	26.3561 	-18.3346
-0 	-18.3346 	9.16732 	9.16732 	18.3346 	-0 	18.3346 	21.3427 	26.3561 	-18.3346
-0 	-18.3346 	9.16732 	9.16732 	18.3346 	-0 	18.3346 	21.4859 	26.3561 	-18.3346
-0 	-18.3346 	9.16732 	9.16732 	18.3346 	-0 	18.3346 	21.6292 	26.3561 	-18.3346
-0 	-18.3346 	9.16732 	9.16732 	18.3346 	-0 	18.3346 	21.7724 	26.3561 	-18.3346
-0 	-18.3346 	9.16732 	9.16732 	18.3346 	-0 	18.3346 	21.9156 	26.3561 	-18.3346
-0 	-18.3346 	9.16732 	9.16732 	18.3346 	-0 	18.3346 	22.0589 	26.3561 	-18.3346
-0 	-18.3346 	9.16732 	9.16732 	18.3346 	-0 	18.3346 	22.2021 	26.3561 	-18.3346
-0 	-18.3346 	9.16732 	9.16732 	18.3346 	-0 	18.3346 	22.3454 	26.3561 	-18.3346
-0 	-18.3346 	9.16732 	9.16732 	18.3346 	-0 	18.3346 	22.4886 	26.3561 	-18.3346
-0 	-18.3346 	9.16732 	9.16732 	18.3346 	-0 	18.3346 	22.6318 	26.3561 	-18.3346
-0 	-18.3346 	9.16732 	9.16732 	18.3346 	-0 	18.3346 	22.7751 	26.3561 	-18.3346
-0 	-18.3346 	9.16732 	9.16732 	18.3346 	-0 	18.3346 	22.9183 	26.3561 	-18.3346
-0 	-18.3346 	9.16732 	9.16732 	18.3346 	-0 	18.3346 	23.0616 	26.3561 	-18.3346
-0 	-18.3346 	9.16732 	9.16732 	18.3346 	-0 	18.3346 	23.2048 	26.3561 	-18.3346
-0 	-18.3346 	9.16732 	9.16732 	18.3346 	-0 	18.3346 	23.348 	26.3561 	-18.3346
-0 	-18.3346 	9.16732 	9.16732 	18.3346 	-0 	18.3346 	23.4913 	26.3561 	-18.3346
-0 	-18.3346 	9.16732 	9.16732 	18.3346 	-0 	18.3346 	23.6345 	26.3561 	-18.3346
-0 	-18.3346 	9.16732 	9.16732 	18.3346 	-0 	18.3346 	23.7777 	26.3561 	-18.3346
-0 	-18.3346 	9.16732 	9.16732 	18.3346 	-0 	18.3346 	23.921 	26.3561 	-18.3346
-0 	-18.3346 	9.16732 	9.16732 	18.3346 	-0 	18.3346 	24.0642 	26.3561 	-18.3346
-0 	-18.3346 	9.16732 	9.16732 	18.3346 	-0 	18.3346 	24.2075 	26.3561 	-18.3346
-0 	-18.3346 	9.16732 	9.16732 	18.3346 	-0 	18.3346 	24.3507 	26.3561 	-18.3346
-0 	-18.3346 	9.16732 	9.16732 	18.3346 	-0 	18.3346 	24.4939 	26.3561 	-18.3346
-0 	-18.3346 	9.16732 	9.16732 	18.3346 	-0 	18.3346 	24.6372 	26.3561 	-18.3346
-0 	-18.3346 	9.16732 	9.16732 	18.3346 	-0 	18.3346 	24.7804 	26.3561 	-18.3346
-0 	-18.3346 	9.16732 	9.16732 	18.3346 	-0 	18.3346 	24.9237 	26.3561 	-18.3346
-0 	-18.3346 	9.16732 	9.16732 	18.3346 	-0 	18.3346 	25.0669 	26.3561 	-18.3346
-0 	-18.3346 	9.16732 	9.16732 	18.3346 	-0 	18.3346 	25.2101 	26.3561 	-18.3346
-0 	-18.3346 	9.16732 	9.16732 	18.3346 	-0 	18.3346 	25.3534 	26.3561 	-18.3346
-0 	-18.3346 	9.16732 	9.16732 	18.3346 	-0 	18.3346 	25.4966 	26.3561 	-18.3346
-0 	-18.3346 	9.16732 	9.16732 	18.3346 	-0 	18.3346 	25.6399 	26.3561 	-18.3346
-0 	-18.3346 	9.16732 	9.16732 	18.3346 	-0 	18.3346 	25.7831 	26.3561 	-18.3346
-0 	-18.3346 	9.16732 	9.16732 	18.3346 	-0 	18.3346 	25.9263 	26.3561 	-18.3346
-0 	-18.3346 	9.16732 	9.16732 	18.3346 	-0 	18.3346 	26.0696 	26.3561 	-18.3346
-0 	-18.3346 	9.16732 	9.16732 	18.3346 	-0 	18.3346 	26.2128 	26.3561 	-18.3346
-0 	-18.3346 	9.16732 	9.16732 	18.3346 	-0 	18.3346 	26.3561 	26.3561 	-18.3346
-0 	-18.3346 	9.16732 	9.16732 	18.3346 	-0 	18.3346 	26.4993 	26.3561 	-18.3346
-0 	-18.3346 	9.16732 	9.16732 	18.3346 	-0 	18.3346 	26.6425 	26.3561 	-18.3346
-0 	-18.3346 	9.16732 	9.16732 	18.3346 	-0 	18.3346 	26.7858 	26.3561 	-18.3346
-0 	-18.3346 	9.16732 	9.16732 	18.3346 	-0 	18.3346 	26.929 	26.3561 	-18.3346
-0 	-18.3346 	9.16732 	9.16732 	18.3346 	-0 	18.3346 	27.0723 	26.3561 	-18.3346
-0 	-18.3346 	9.16732 	9.16732 	18.3346 	-0 	18.3346 	27.2155 	26.3561 	-18.3346
-0 	-18.3346 	9.16732 	9.16732 	18.3346 	-0 	18.3346 	27.3587 	26.3561 	-18.3346
-0 	-18.3346 	9.16732 	9.16732 	18.3346 	-0 	18.3346 	27.502 	26.3561 	-18.3346
-0 	-18.3346 	9.16732 	9.16732 	18.3346 	-0 	18.3346 	27.6452 	26.3561 	-18.3346
-0 	-18.3346 	9.16732 	9.16732 	18.3346 	-0 	18.3346 	27.7885 	26.3561 	-18.3346
-0 	-18.3346 	9.16732 	9.16732 	18.3346 	-0 	18.3346 	27.9317 	26.3561 	-18.3346
-0 	-18.3346 	9.16732 	9.16732 	18.3346 	-0 	18.3346 	28.0749 	26.3561 	-18.3346
-0 	-18.3346 	9.16732 	9.16732 	18.3346 	-0 	18.3346 	28.2182 	26.3561 	-18.3346
-0 	-18.3346 	9.16732 	9.16732 	18.3346 	-0 	18.3346 	28.3614 	26.3561 	-18.3346
-0 	-18.3346 	9.16732 	9.16732 	18.3346 	-0 	18.3346 	28.5047 	26.3561 	-18.3346
-0 	-18.3346 	9.16732 	9.16732 	18.3346 	-0 	18.3346 	28.6479 	26.3561 	-18.3346
-0 	-18.3346 	9.16732 	9.16732 	18.3346 	-0 	18.3346 	28.7911 	26.3561 	-18.3346
-0 	-18.3346 	9.16732 	9.16732 	18.3346 	-0 	18.3346 	28.9344 	26.3561 	-18.3346
-0 	-18.3346 	9.16732 	9.16732 	18.3346 	-0 	18.3346 	29.0776 	26.3561 	-18.3346
-0 	-18.3346 	9.16732 	9.16732 	18.3346 	-0 	18.3346 	29.2208 	26.3561 	-18.3346
-0 	-18.3346 	9.16732 	9.16732 	18.3346 	-0 	18.3346 	29.3641 	26.3561 	-18.3346
-0 	-18.3346 	9.16732 	9.16732 	18.3346 	-0 	18.3346 	29.5073 	26.3561 	-18.3346
-0 	-18.3346 	9.16732 	9.16732 	18.3346 	-0 	18.3346 	29.6506 	26.3561 	-18.3346
-0 	-18.3346 	9.16732 	9.16732 	18.3346 	-0 	18.3346 	29.7938 	26.3561 	-18.3346
-0 	-18.3346 	9.16732 	9.16732 	18.3346 	-0 	18.3346 	29.937 	26.3561 	-18.3346
-0 	-18.3346 	9.16732 	9.16732 	18.3346 	-0 	18.3346 	30.0803 	26.3561 	-18.3346
-0 	-18.3346 	9.16732 	9.16732 	18.3346 	-0 	18.3346 	30.2235 	26.3561 	-18.3346
-0 	-18.3346 	9.16732 	9.16732 	18.3346 	-0 	18.3346 	30.3668 	26.3561 	-18.3346
-0 	-18.3346 	9.16732 	9.16732 	18.3346 	-0 	18.3346 	30.51 	26.3561 	-18.3346
-0 	-18.3346 	9.16732 	9.16732 	18.3346 	-0 	18.3346 	30.6532 	26.3561 	-18.3346
-0 	-18.3346 	9.16732 	9.16732 	18.3346 	-0 	18.3346 	30.7965 	26.3561 	-18.3346
-0 	-18.3346 	9.16732 	9.16732 	18.3346 	-0 	18.3346 	30.9397 	26.3561 	-18.3346
-0 	-18.3346 	9.16732 	9.16732 	18.3346 	-0 	18.3346 	31.083 	26.3561 	-18.3346
-0 	-18.3346 	9.16732 	9.16732 	18.3346 	-0 	18.3346 	31.2262 	26.3561 	-18.3346
-0 	-18.3346 	9.16732 	9.16732 	18.3346 	-0 	18.3346 	31.3694 	26.3561 	-18.3346
-0 	-18.3346 	9.16732 	9.16732 	18.3346 	-0 	18.3346 	31.5127 	26.3561 	-18.3346
-0 	-18.3346 	9.16732 	9.16732 	18.3346 	-0 	18.3346 	31.6559 	26.3561 	-18.3346
-0 	-18.3346 	9.16732 	9.16732 	18.3346 	-0 	18.3346 	31.7992 	26.3561 	-18.3346
-0 	-18.3346 	9.16732 	9.16732 	18.3346 	-0 	18.3346 	31.9424 	26.3561 	-18.3346
-0 	-18.3346 	9.16732 	9.16732 	18.3346 	-0 	18.3346 	32.0856 	26.3561 	-18.3346
-0 	-18.3346 	9.16732 	9.16732 	18.3346 	-0 	18.3346 	32.0856 	25.4107 	-18.3346
-0 	-18.3346 	9.16732 	9.16732 	18.3346 	-0 	18.3346 	32.0856 	24.4653 	-18.3346
-0 	-18.3346 	9.16732 	9.16732 	18.3346 	-0 	18.3346 	32.0856 	23.5199 	-18.3346
-0 	-18.3346 	9.16732 	9.16732 	18.3346 	-0 	18.3346 	32.0856 	22.5745 	-18.3346
-0 	-18.3346 	9.16732 	9.16732 	18.3346 	-0 	18.3346 	32.0856 	21.6292 	-18.3346
-0 	-18.3346 	9.16732 	9.16732 	18.3346 	-0 	18.3346 	32.0856 	20.6838 	-18.3346
-0 	-18.3346 	9.16732 	9.16732 	18.3346 	-0 	18.3346 	32.0856 	19.7384 	-18.3346
-0 	-18.3346 	9.16732 	9.16732 	18.3346 	-0 	18.3346 	32.0856 	18.793 	-18.3346
-0 	-18.3346 	9.16732 	9.16732 	18.3346 	-0 	18.3346 	32.0856 	17.8476 	-18.3346
-0 	-18.3346 	9.16732 	9.16732 	18.3346 	-0 	18.3346 	32.0856 	16.9023 	-18.3346
-0 	-18.3346 	9.16732 	9.16732 	18.3346 	-0 	18.3346 	32.0856 	15.9569 	-18.3346
-0 	-18.3346 	9.16732 	9.16732 	18.3346 	-0 	18.3346 	32.0856 	15.0115 	-18.3346
-0 	-18.3346 	9.16732 	9.16732 	18.3346 	-0 	18.3346 	32.0856 	14.0661 	-18.3346
-0 	-18.3346 	9.16732 	9.16732 	18.3346 	-0 	18.3346 	32.0856 	13.1207 	-18.3346
-0 	-18.3346 	9.16732 	9.16732 	18.3346 	-0 	18.3346 	32.0856 	12.1754 	-18.3346
-0 	-18.3346 	9.16732 	9.16732 	18.3346 	-0 	18.3346 	32.0856 	11.23 	-18.3346
-0 	-18.3346 	9.16732 	9.16732 	18.3346 	-0 	18.3346 	32.0856 	10.2846 	-18.3346
-0 	-18.3346 	9.16732 	9.16732 	18.3346 	-0 	18.3346 	32.0856 	9.33921 	-18.3346
-0 	-18.3346 	9.16732 	9.16732 	18.3346 	-0 	18.3346 	32.0856 	8.39383 	-18.3346
-0 	-18.3346 	9.16732 	9.16732 	18.3346 	-0 	18.3346 	32.0856 	7.44845 	-18.3346
-0 	-18.3346 	9.16732 	9.16732 	18.3346 	-0 	18.3346 	32.0856 	6.50307 	-18.3346
-0 	-18.3346 	9.16732 	9.16732 	18.3346 	-0 	18.3346 	32.0856 	5.55769 	-18.3346
-0 	-18.3346 	9.16732 	9.16732 	18.3346 	-0 	18.3346 	32.0856 	4.61231 	-18.3346
-0 	-18.3346 	9.16732 	9.16732 	18.3346 	-0 	18.3346 	32.0856 	3.66693 	-18.3346
-0 	-18.3346 	9.16732 	9.16732 	18.3346 	-0 	18.3346 	32.0856 	2.72155 	-18.3346
-0 	-18.3346 	9.16732 	9.16732 	18.3346 	-0 	18.3346 	32.0856 	1.77617 	-18.3346
-0 	-18.3346 	9.16732 	9.16732 	18.3346 	-0 	18.3346 	32.0856 	0.830789 	-18.3346
-0 	-18.3346 	9.16732 	9.16732 	18.3346 	-0 	18.3346 	32.0856 	-0.114592 	-18.3346
-0 	-18.3346 	9.16732 	9.16732 	18.3346 	-0 	18.3346 	32.0856 	-1.05997 	-18.3346
-0 	-18.3346 	9.16732 	9.16732 	18.3346 	-0 	18.3346 	32.0856 	-2.00535 	-18.3346
-0 	-18.3346 	9.16732 	9.16732 	18.3346 	-0 	18.3346 	32.0856 	-2.95073 	-18.3346
-0 	-18.3346 	9.16732 	9.16732 	18.3346 	-0 	18.3346 	32.0856 	-3.89611 	-18.3346
-0 	-18.3346 	9.16732 	9.16732 	18.3346 	-0 	18.3346 	32.0856 	-4.84149 	-18.3346
-0 	-18.3346 	9.16732 	9.16732 	18.3346 	-0 	18.3346 	32.0856 	-5.78687 	-18.3346
-0 	-18.3346 	9.16732 	9.16732 	18.3346 	-0 	18.3346 	32.0856 	-6.73225 	-18.3346
-0 	-18.3346 	9.16732 	9.16732 	18.3346 	-0 	18.3346 	32.0856 	-7.67763 	-18.3346
-0 	-18.3346 	9.16732 	9.16732 	18.3346 	-0 	18.3346 	32.0856 	-8.62301 	-18.3346
-0 	-18.3346 	9.16732 	9.16732 	18.3346 	-0 	18.3346 	32.0856 	-9.5684 	-18.3346
-0 	-18.3346 	9.16732 	9.16732 	18.3346 	-0 	18.3346 	32.0856 	-10.5138 	-18.3346
-0 	-18.3346 	9.16732 	9.16732 	18.3346 	-0 	18.3346 	32.0856 	-11.4592 	-18.3346
