-0 	0 	0.229183 	0.229183 	-0 	-0 	-0 	0.229183 	0.229183 	0
-0 	0 	0.458366 	0.458366 	-0 	-0 	-0 	0.458366 	0.458366 	0
-0 	0 	0.687549 	0.687549 	-0 	-0 	-0 	0.687549 	0.687549 	0
-0 	0 	0.916732 	0.916732 	-0 	-0 	-0 	0.916732 	0.916732 	0
-0 	0 	1.14592 	1.14592 	-0 	-0 	-0 	1.14592 	1.14592 	0
-0 	0 	1.3751 	1.3751 	-0 	-0 	-0 	1.3751 	1.3751 	0
-0 	0 	1.60428 	1.60428 	-0 	-0 	-0 	1.60428 	1.60428 	0
-0 	0 	1.83346 	1.83346 	-0 	-0 	-0 	1.83346 	1.83346 	0
-0 	0 	2.06265 	2.06265 	-0 	-0 	-0 	2.06265 	2.06265 	0
-0 	0 	2.29183 	2.29183 	-0 	-0 	-0 	2.29183 	2.29183 	0
-0 	0 	2.52101 	2.52101 	-0 	-0 	-0 	2.52101 	2.52101 	0
-0 	0 	2.7502 	2.7502 	-0 	-0 	-0 	2.7502 	2.7502 	0
-0 	0 	2.97938 	2.97938 	-0 	-0 	-0 	2.97938 	2.97938 	0
-0 	0 	3.20856 	3.20856 	-0 	-0 	-0 	3.20856 	3.20856 	0
-0 	0 	3.43775 	3.43775 	-0 	-0 	-0 	3.43775 	3.43775 	0
-0 	0 	3.66693 	3.66693 	-0 	-0 	-0 	3.66693 	3.66693 	0
-0 	0 	3.89611 	3.89611 	-0 	-0 	-0 	3.89611 	3.89611 	0
-0 	0 	4.1253 	4.1253 	-0 	-0 	-0 	4.1253 	4.1253 	0
-0 	0 	4.35448 	4.35448 	-0 	-0 	-0 	4.35448 	4.35448 	0
-0 	0 	4.58366 	4.58366 	-0 	-0 	-0 	4.58366 	4.58366 	0
-0 	0 	4.81285 	4.81285 	-0 	-0 	-0 	4.81285 	4.81285 	0
-0 	0 	5.04203 	5.04203 	-0 	-0 	-0 	5.04203 	5.04203 	0
-0 	0 	5.27121 	5.27121 	-0 	-0 	-0 	5.27121 	5.27121 	0
-0 	0 	5.50039 	5.50039 	-0 	-0 	-0 	5.50039 	5.50039 	0
-0 	0 	5.72958 	5.72958 	-0 	-0 	-0 	5.72958 	5.72958 	0
-0 	0 	5.95876 	5.95876 	-0 	-0 	-0 	5.95876 	5.95876 	0
-0 	0 	6.18794 	6.18794 	-0 	-0 	-0 	6.18794 	6.18794 	0
-0 	0 	6.41713 	6.41713 	-0 	-0 	-0 	6.41713 	6.41713 	0
-0 	0 	6.64631 	6.64631 	-0 	-0 	-0 	6.64631 	6.64631 	0
-0 	0 	6.87549 	6.87549 	-0 	-0 	-0 	6.87549 	6.87549 	0
-0 	0 	7.10468 	7.10468 	-0 	-0 	-0 	7.10468 	7.10468 	0
-0 	0 	7.33386 	7.33386 	-0 	-0 	-0 	7.33386 	7.33386 	0
-0 	0 	7.56304 	7.56304 	-0 	-0 	-0 	7.56304 	7.56304 	0
-0 	0 	7.79223 	7.79223 	-0 	-0 	-0 	7.79223 	7.79223 	0
-0 	0 	8.02141 	8.02141 	-0 	-0 	-0 	8.02141 	8.02141 	0
-0 	0 	8.25059 	8.25059 	-0 	-0 	-0 	8.25059 	8.25059 	0
-0 	0 	8.47978 	8.47978 	-0 	-0 	-0 	8.47978 	8.47978 	0
-0 	0 	8.70896 	8.70896 	-0 	-0 	-0 	8.70896 	8.70896 	0
-0 	0 	8.93814 	8.93814 	-0 	-0 	-0 	8.93814 	8.93814 	0
-0 	0 	9.16732 	9.16732 	-0 	-0 	-0 	9.16732 	9.16732 	0
-0 	-0.194806 	9.16732 	9.16732 	-0.194806 	-0 	0.194806 	9.16732 	9.16732 	0.194806
-0 	-0.389611 	9.16732 	9.16732 	-0.389611 	-0 	0.389611 	9.16732 	9.16732 	0.389611
-0 	-0.584417 	9.16732 	9.16732 	-0.584417 	-0 	0.584417 	9.16732 	9.16732 	0.584417
-0 	-0.779223 	9.16732 	9.16732 	-0.779223 	-0 	0.779223 	9.16732 	9.16732 	0.779223
-0 	-0.974028 	9.16732 	9.16732 	-0.974028 	-0 	0.974028 	9.16732 	9.16732 	0.974028
-0 	-1.16883 	9.16732 	9.16732 	-1.16883 	-0 	1.16883 	9.16732 	9.16732 	1.16883
-0 	-1.36364 	9.16732 	9.16732 	-1.36364 	-0 	1.36364 	9.16732 	9.16732 	1.36364
-0 	-1.55845 	9.16732 	9.16732 	-1.55845 	-0 	1.55845 	9.16732 	9.16732 	1.55845
-0 	-1.75325 	9.16732 	9.16732 	-1.75325 	-0 	1.75325 	9.16732 	9.16732 	1.75325
-0 	-1.94806 	9.16732 	9.16732 	-1.94806 	-0 	1.94806 	9.16732 	9.16732 	1.94806
-0 	-2.14286 	9.16732 	9.16732 	-2.14286 	-0 	2.14286 	9.16732 	9.16732 	2.14286
-0 	-2.33767 	9.16732 	9.16732 	-2.33767 	-0 	2.33767 	9.16732 	9.16732 	2.33767
-0 	-2.53247 	9.16732 	9.16732 	-2.53247 	-0 	2.53247 	9.16732 	9.16732 	2.53247
-0 	-2.72728 	9.16732 	9.16732 	-2.72728 	-0 	2.72728 	9.16732 	9.16732 	2.72728
-0 	-2.92208 	9.16732 	9.16732 	-2.92208 	-0 	2.92208 	9.16732 	9.16732 	2.92208
-0 	-3.11689 	9.16732 	9.16732 	-3.11689 	-0 	3.11689 	9.16732 	9.16732 	3.11689
-0 	-3.3117 	9.16732 	9.16732 	-3.3117 	-0 	3.3117 	9.16732 	9.16732 	3.3117
-0 	-3.5065 	9.16732 	9.16732 	-3.5065 	-0 	3.5065 	9.16732 	9.16732 	3.5065
-0 	-3.70131 	9.16732 	9.16732 	-3.70131 	-0 	3.70131 	9.16732 	9.16732 	3.70131
-0 	-3.89611 	9.16732 	9.16732 	-3.89611 	-0 	3.89611 	9.16732 	9.16732 	3.89611
-0 	-4.09092 	9.16732 	9.16732 	-4.09092 	-0 	4.09092 	9.16732 	9.16732 	4.09092
-0 	-4.28572 	9.16732 	9.16732 	-4.28572 	-0 	4.28572 	9.16732 	9.16732 	4.28572
-0 	-4.48053 	9.16732 	9.16732 	-4.48053 	-0 	4.48053 	9.16732 	9.16732 	4.48053
-0 	-4.67534 	9.16732 	9.16732 	-4.67534 	-0 	4.67534 	9.16732 	9.16732 	4.67534
-0 	-4.87014 	9.16732 	9.16732 	-4.87014 	-0 	4.87014 	9.16732 	9.16732 	4.87014
-0 	-5.06495 	9.16732 	9.16732 	-5.06495 	-0 	5.06495 	9.16732 	9.16732 	5.06495
-0 	-5.25975 	9.16732 	9.16732 	-5.25975 	-0 	5.25975 	9.16732 	9.16732 	5.25975
-0 	-5.45456 	9.16732 	9.16732 	-5.45456 	-0 	5.45456 	9.16732 	9.16732 	5.45456
-0 	-5.64936 	9.16732 	9.16732 	-5.64936 	-0 	5.64936 	9.16732 	9.16732 	5.64936
-0 	-5.84417 	9.16732 	9.16732 	-5.84417 	-0 	5.84417 	9.16732 	9.16732 	5.84417
-0 	-6.03898 	9.16732 	9.16732 	-6.03898 	-0 	6.03898 	9.16732 	9.16732 	6.03898
-0 	-6.23378 	9.16732 	9.16732 	-6.23378 	-0 	6.23378 	9.16732 	9.16732 	6.23378
-0 	-6.42859 	9.16732 	9.16732 	-6.42859 	-0 	6.42859 	9.16732 	9.16732 	6.42859
-0 	-6.62339 	9.16732 	9.16732 	-6.62339 	-0 	6.62339 	9.16732 	9.16732 	6.62339
-0 	-6.8182 	9.16732 	9.16732 	-6.8182 	-0 	6.8182 	9.16732 	9.16732 	6.8182
-0 	-7.013 	9.16732 	9.16732 	-7.013 	-0 	7.013 	9.16732 	9.16732 	7.013
-0 	-7.20781 	9.16732 	9.16732 	-7.20781 	-0 	7.20781 	9.16732 	9.16732 	7.20781
-0 	-7.40261 	9.16732 	9.16732 	-7.40261 	-0 	7.40261 	9.16732 	9.16732 	7.40261
-0 	-7.59742 	9.16732 	9.16732 	-7.59742 	-0 	7.59742 	9.16732 	9.16732 	7.59742
-0 	-7.79223 	9.16732 	9.16732 	-7.79223 	-0 	7.79223 	9.16732 	9.16732 	7.79223
-0 	-7.98703 	9.16732 	9.16732 	-7.98703 	-0 	7.98703 	9.16732 	9.16732 	7.98703
-0 	-8.18184 	9.16732 	9.16732 	-8.18184 	-0 	8.18184 	9.16732 	9.16732 	8.18184
-0 	-8.37664 	9.16732 	9.16732 	-8.37664 	-0 	8.37664 	9.16732 	9.16732 	8.37664
-0 	-8.57145 	9.16732 	9.16732 	-8.57145 	-0 	8.57145 	9.16732 	9.16732 	8.57145
-0 	-8.76625 	9.16732 	9.16732 	-8.76625 	-0 	8.76625 	9.16732 	9.16732 	8.76625
-0 	-8.96106 	9.16732 	9.16732 	-8.96106 	-0 	8.96106 	9.16732 	9.16732 	8.96106
-0 	-9.15587 	9.16732 	9.16732 	-9.15587 	-0 	9.15587 	9.16732 	9.16732 	9.15587
-0 	-9.35067 	9.16732 	9.16732 	-9.35067 	-0 	9.35067 	9.16732 	9.16732 	9.35067
-0 	-9.54548 	9.16732 	9.16732 	-9.54548 	-0 	9.54548 	9.16732 	9.16732 	9.54548
-0 	-9.74028 	9.16732 	9.16732 	-9.74028 	-0 	9.74028 	9.16732 	9.16732 	9.74028
-0 	-9.93509 	9.16732 	9.16732 	-9.93509 	-0 	9.93509 	9.16732 	9.16732 	9.93509
-0 	-10.1299 	9.16732 	9.16732 	-10.1299 	-0 	10.1299 	9.16732 	9.16732 	10.1299
-0 	-10.3247 	9.16732 	9.16732 	-10.3247 	-0 	10.3247 	9.16732 	9.16732 	10.3247
-0 	-10.5195 	9.16732 	9.16732 	-10.5195 	-0 	10.5195 	9.16732 	9.16732 	10.5195
-0 	-10.7143 	9.16732 	9.16732 	-10.7143 	-0 	10.7143 	9.16732 	9.16732 	10.7143
-0 	-10.9091 	9.16732 	9.16732 	-10.9091 	-0 	10.9091 	9.16732 	9.16732 	10.9091
-0 	-11.1039 	9.16732 	9.16732 	-11.1039 	-0 	11.1039 	9.16732 	9.16732 	11.1039
-0 	-11.2987 	9.16732 	9.16732 	-11.2987 	-0 	11.2987 	9.16732 	9.16732 	11.2987
-0 	-11.4935 	9.16732 	9.16732 	-11.4935 	-0 	11.4935 	9.16732 	9.16732 	11.4935
-0 	-11.6883 	9.16732 	9.16732 	-11.6883 	-0 	11.6883 	9.16732 	9.16732 	11.6883
-0 	-11.8831 	9.16732 	9.16732 	-11.8831 	-0 	11.8831 	9.16732 	9.16732 	11.8831
-0 	-12.078 	9.16732 	9.16732 	-12.078 	-0 	12.078 	9.16732 	9.16732 	12.078
-0 	-12.2728 	9.16732 	9.16732 	-12.2728 	-0 	12.2728 	9.16732 	9.16732 	12.2728
-0 	-12.4676 	9.16732 	9.16732 	-12.4676 	-0 	12.4676 	9.16732 	9.16732 	12.4676
-0 	-12.6624 	9.16732 	9.16732 	-12.6624 	-0 	12.6624 	9.16732 	9.16732 	12.6624
-0 	-12.8572 	9.16732 	9.16732 	-12.8572 	-0 	12.8572 	9.16732 	9.16732 	12.8572
-0 	-13.052 	9.16732 	9.16732 	-13.052 	-0 	13.052 	9.16732 	9.16732 	13.052
-0 	-13.2468 	9.16732 	9.16732 	-13.2468 	-0 	13.2468 	9.16732 	9.16732 	13.2468
-0 	-13.4416 	9.16732 	9.16732 	-13.4416 	-0 	13.4416 	9.16732 	9.16732 	13.4416
-0 	-13.6364 	9.16732 	9.16732 	-13.6364 	-0 	13.6364 	9.16732 	9.16732 	13.6364
-0 	-13.8312 	9.16732 	9.16732 	-13.8312 	-0 	13.8312 	9.16732 	9.16732 	13.8312
-0 	-14.026 	9.16732 	9.16732 	-14.026 	-0 	14.026 	9.16732 	9.16732 	14.026
-0 	-14.2208 	9.16732 	9.16732 	-14.2208 	-0 	14.2208 	9.16732 	9.16732 	14.2208
-0 	-14.4156 	9.16732 	9.16732 	-14.4156 	-0 	14.4156 	9.16732 	9.16732 	14.4156
-0 	-14.6104 	9.16732 	9.16732 	-14.6104 	-0 	14.6104 	9.16732 	9.16732 	14.6104
-0 	-14.8052 	9.16732 	9.16732 	-14.8052 	-0 	14.8052 	9.16732 	9.16732 	14.8052
-0 	-15 	9.16732 	9.16732 	-15 	-0 	15 	9.16732 	9.16732 	15
-0 	-15.1948 	9.16732 	9.16732 	-15.1948 	-0 	15.1948 	9.16732 	9.16732 	15.1948
-0 	-15.3896 	9.16732 	9.16732 	-15.3896 	-0 	15.3896 	9.16732 	9.16732 	15.3896
-0 	-15.5845 	9.16732 	9.16732 	-15.5845 	-0 	15.5845 	9.16732 	9.16732 	15.5845
-0 	-15.7793 	9.16732 	9.16732 	-15.7793 	-0 	15.7793 	9.16732 	9.16732 	15.7793
-0 	-15.9741 	9.16732 	9.16732 	-15.9741 	-0 	15.9741 	9.16732 	9.16732 	15.9741
-0 	-16.1689 	9.16732 	9.16732 	-16.1689 	-0 	16.1689 	9.16732 	9.16732 	16.1689
-0 	-16.3637 	9.16732 	9.16732 	-16.3637 	-0 	16.3637 	9.16732 	9.16732 	16.3637
-0 	-16.5585 	9.16732 	9.16732 	-16.5585 	-0 	16.5585 	9.16732 	9.16732 	16.5585
-0 	-16.7533 	9.16732 	9.16732 	-16.7533 	-0 	16.7533 	9.16732 	9.16732 	16.7533
-0 	-16.9481 	9.16732 	9.16732 	-16.9481 	-0 	16.9481 	9.16732 	9.16732 	16.9481
-0 	-17.1429 	9.16732 	9.16732 	-17.1429 	-0 	17.1429 	9.16732 	9.16732 	17.1429
-0 	-17.3377 	9.16732 	9.16732 	-17.3377 	-0 	17.3377 	9.16732 	9.16732 	17.3377
-0 	-17.5325 	9.16732 	9.16732 	-17.5325 	-0 	17.5325 	9.16732 	9.16732 	17.5325
-0 	-17.7273 	9.16732 	9.16732 	-17.7273 	-0 	17.7273 	9.16732 	9.16732 	17.7273
-0 	-17.9221 	9.16732 	9.16732 	-17.9221 	-0 	17.9221 	9.16732 	9.16732 	17.9221
-0 	-18.1169 	9.16732 	9.16732 	-18.1169 	-0 	18.1169 	9.16732 	9.16732 	18.1169
-0 	-18.3117 	9.16732 	9.16732 	-18.3117 	-0 	18.3117 	9.16732 	9.16732 	18.3117
-0 	-18.5065 	9.16732 	9.16732 	-18.5065 	-0 	18.5065 	9.16732 	9.16732 	18.5065
-0 	-18.7013 	9.16732 	9.16732 	-18.7013 	-0 	18.7013 	9.16732 	9.16732 	18.7013
-0 	-18.8961 	9.16732 	9.16732 	-18.8961 	-0 	18.8961 	9.16732 	9.16732 	18.8961
-0 	-19.091 	9.16732 	9.16732 	-19.091 	-0 	19.091 	9.16732 	9.16732 	19.091
-0 	-19.2858 	9.16732 	9.16732 	-19.2858 	-0 	19.2858 	9.16732 	9.16732 	19.2858
-0 	-19.4806 	9.16732 	9.16732 	-19.4806 	-0 	19.4806 	9.16732 	9.16732 	19.4806
-0 	-19.4806 	9.16732 	9.16732 	-19.4806 	-0 	19.4806 	9.39651 	9.28192 	19.4806
-0 	-19.4806 	9.16732 	9.16732 	-19.4806 	-0 	19.4806 	9.62569 	9.39651 	19.4806
-0 	-19.4806 	9.16732 	9.16732 	-19.4806 	-0 	19.4806 	9.85487 	9.5111 	19.4806
-0 	-19.4806 	9.16732 	9.16732 	-19.4806 	-0 	19.4806 	10.0841 	9.62569 	19.4806
-0 	-19.4806 	9.16732 	9.16732 	-19.4806 	-0 	19.4806 	10.3132 	9.74028 	19.4806
-0 	-19.4806 	9.16732 	9.16732 	-19.4806 	-0 	19.4806 	10.5424 	9.85487 	19.4806
-0 	-19.4806 	9.16732 	9.16732 	-19.4806 	-0 	19.4806 	10.7716 	9.96947 	19.4806
-0 	-19.4806 	9.16732 	9.16732 	-19.4806 	-0 	19.4806 	11.0008 	10.0841 	19.4806
-0 	-19.4806 	9.16732 	9.16732 	-19.4806 	-0 	19.4806 	11.23 	10.1986 	19.4806
-0 	-19.4806 	9.16732 	9.16732 	-19.4806 	-0 	19.4806 	11.4592 	10.3132 	19.4806
-0 	-19.4806 	9.16732 	9.16732 	-19.4806 	-0 	19.4806 	11.6883 	10.4278 	19.4806
-0 	-19.4806 	9.16732 	9.16732 	-19.4806 	-0 	19.4806 	11.9175 	10.5424 	19.4806
-0 	-19.4806 	9.16732 	9.16732 	-19.4806 	-0 	19.4806 	12.1467 	10.657 	19.4806
-0 	-19.4806 	9.16732 	9.16732 	-19.4806 	-0 	19.4806 	12.3759 	10.7716 	19.4806
-0 	-19.4806 	9.16732 	9.16732 	-19.4806 	-0 	19.4806 	12.6051 	10.8862 	19.4806
-0 	-19.4806 	9.16732 	9.16732 	-19.4806 	-0 	19.4806 	12.8343 	11.0008 	19.4806
-0 	-19.4806 	9.16732 	9.16732 	-19.4806 	-0 	19.4806 	13.0634 	11.1154 	19.4806
-0 	-19.4806 	9.16732 	9.16732 	-19.4806 	-0 	19.4806 	13.2926 	11.23 	19.4806
-0 	-19.4806 	9.16732 	9.16732 	-19.4806 	-0 	19.4806 	13.5218 	11.3446 	19.4806
-0 	-19.4806 	9.16732 	9.16732 	-19.4806 	-0 	19.4806 	13.751 	11.4592 	19.4806
-0 	-19.4806 	9.16732 	9.16732 	-19.4806 	-0 	19.4806 	13.9802 	11.5737 	19.4806
-0 	-19.4806 	9.16732 	9.16732 	-19.4806 	-0 	19.4806 	14.2094 	11.6883 	19.4806
-0 	-19.4806 	9.16732 	9.16732 	-19.4806 	-0 	19.4806 	14.4385 	11.8029 	19.4806
-0 	-19.4806 	9.16732 	9.16732 	-19.4806 	-0 	19.4806 	14.6677 	11.9175 	19.4806
-0 	-19.4806 	9.16732 	9.16732 	-19.4806 	-0 	19.4806 	14.8969 	12.0321 	19.4806
-0 	-19.4806 	9.16732 	9.16732 	-19.4806 	-0 	19.4806 	15.1261 	12.1467 	19.4806
-0 	-19.4806 	9.16732 	9.16732 	-19.4806 	-0 	19.4806 	15.3553 	12.2613 	19.4806
-0 	-19.4806 	9.16732 	9.16732 	-19.4806 	-0 	19.4806 	15.5845 	12.3759 	19.4806
-0 	-19.4806 	9.16732 	9.16732 	-19.4806 	-0 	19.4806 	15.8136 	12.4905 	19.4806
-0 	-19.4806 	9.16732 	9.16732 	-19.4806 	-0 	19.4806 	16.0428 	12.6051 	19.4806
-0 	-19.4806 	9.16732 	9.16732 	-19.4806 	-0 	19.4806 	16.272 	12.7197 	19.4806
-0 	-19.4806 	9.16732 	9.16732 	-19.4806 	-0 	19.4806 	16.5012 	12.8343 	19.4806
-0 	-19.4806 	9.16732 	9.16732 	-19.4806 	-0 	19.4806 	16.7304 	12.9488 	19.4806
-0 	-19.4806 	9.16732 	9.16732 	-19.4806 	-0 	19.4806 	16.9596 	13.0634 	19.4806
-0 	-19.4806 	9.16732 	9.16732 	-19.4806 	-0 	19.4806 	17.1887 	13.178 	19.4806
-0 	-19.4806 	9.16732 	9.16732 	-19.4806 	-0 	19.4806 	17.4179 	13.2926 	19.4806
-0 	-19.4806 	9.16732 	9.16732 	-19.4806 	-0 	19.4806 	17.6471 	13.4072 	19.4806
-0 	-19.4806 	9.16732 	9.16732 	-19.4806 	-0 	19.4806 	17.8763 	13.5218 	19.4806
-0 	-19.4806 	9.16732 	9.16732 	-19.4806 	-0 	19.4806 	18.1055 	13.6364 	19.4806
-0 	-19.4806 	9.16732 	9.16732 	-19.4806 	-0 	19.4806 	18.3346 	13.751 	19.4806
-0 	-19.4806 	9.16732 	9.16732 	-19.4806 	-0 	19.4806 	18.3346 	13.9802 	19.4806
-0 	-19.4806 	9.16732 	9.16732 	-19.4806 	-0 	19.4806 	18.3346 	14.2094 	19.4806
-0 	-19.4806 	9.16732 	9.16732 	-19.4806 	-0 	19.4806 	18.3346 	14.4385 	19.4806
-0 	-19.4806 	9.16732 	9.16732 	-19.4806 	-0 	19.4806 	18.3346 	14.6677 	19.4806
-0 	-19.4806 	9.16732 	9.16732 	-19.4806 	-0 	19.4806 	18.3346 	14.8969 	19.4806
-0 	-19.4806 	9.16732 	9.16732 	-19.4806 	-0 	19.4806 	18.3346 	15.1261 	19.4806
-0 	-19.4806 	9.16732 	9.16732 	-19.4806 	-0 	19.4806 	18.3346 	15.3553 	19.4806
-0 	-19.4806 	9.16732 	9.16732 	-19.4806 	-0 	19.4806 	18.3346 	15.5845 	19.4806
-0 	-19.4806 	9.16732 	9.16732 	-19.4806 	-0 	19.4806 	18.3346 	15.8136 	19.4806
-0 	-19.4806 	9.16732 	9.16732 	-19.4806 	-0 	19.4806 	18.3346 	16.0428 	19.4806
-0 	-19.4806 	9.16732 	9.16732 	-19.4806 	-0 	19.4806 	18.3346 	16.272 	19.4806
-0 	-19.4806 	9.16732 	9.16732 	-19.4806 	-0 	19.4806 	18.3346 	16.5012 	19.4806
-0 	-19.4806 	9.16732 	9.16732 	-19.4806 	-0 	19.4806 	18.3346 	16.7304 	19.4806
-0 	-19.4806 	9.16732 	9.16732 	-19.4806 	-0 	19.4806 	18.3346 	16.9596 	19.4806
-0 	-19.4806 	9.16732 	9.16732 	-19.4806 	-0 	19.4806 	18.3346 	17.1887 	19.4806
-0 	-19.4806 	9.16732 	9.16732 	-19.4806 	-0 	19.4806 	18.3346 	17.4179 	19.4806
-0 	-19.4806 	9.16732 	9.16732 	-19.4806 	-0 	19.4806 	18.3346 	17.6471 	19.4806
-0 	-19.4806 	9.16732 	9.16732 	-19.4806 	-0 	19.4806 	18.3346 	17.8763 	19.4806
-0 	-19.4806 	9.16732 	9.16732 	-19.4806 	-0 	19.4806 	18.3346 	18.1055 	19.4806
-0 	-19.4806 	9.16732 	9.16732 	-19.4806 	-0 	19.4806 	18.3346 	18.3346 	19.4806
-0 	-19.4806 	9.16732 	9.16732 	-19.4806 	-0 	19.4806 	18.3346 	18.5638 	19.4806
-0 	-19.4806 	9.16732 	9.16732 	-19.4806 	-0 	19.4806 	18.3346 	18.793 	19.4806
-0 	-19.4806 	9.16732 	9.16732 	-19.4806 	-0 	19.4806 	18.3346 	19.0222 	19.4806
-0 	-19.4806 	9.16732 	9.16732 	-19.4806 	-0 	19.4806 	18.3346 	19.2514 	19.4806
-0 	-19.4806 	9.16732 	9.16732 	-19.4806 	-0 	19.4806 	18.3346 	19.4806 	19.4806
-0 	-19.4806 	9.16732 	9.16732 	-19.4806 	-0 	19.4806 	18.3346 	19.7097 	19.4806
-0 	-19.4806 	9.16732 	9.16732 	-19.4806 	-0 	19.4806 	18.3346 	19.9389 	19.4806
-0 	-19.4806 	9.16732 	9.16732 	-19.4806 	-0 	19.4806 	18.3346 	20.1681 	19.4806
-0 	-19.4806 	9.16732 	9.16732 	-19.4806 	-0 	19.4806 	18.3346 	20.3973 	19.4806
-0 	-19.4806 	9.16732 	9.16732 	-19.4806 	-0 	19.4806 	18.3346 	20.6265 	19.4806
-0 	-19.4806 	9.16732 	9.16732 	-19.4806 	-0 	19.4806 	18.3346 	20.8557 	19.4806
-0 	-19.4806 	9.16732 	9.16732 	-19.4806 	-0 	19.4806 	18.3346 	21.0848 	19.4806
-0 	-19.4806 	9.16732 	9.16732 	-19.4806 	-0 	19.4806 	18.3346 	21.314 	19.4806
-0 	-19.4806 	9.16732 	9.16732 	-19.4806 	-0 	19.4806 	18.3346 	21.5432 	19.4806
-0 	-19.4806 	9.16732 	9.16732 	-19.4806 	-0 	19.4806 	18.3346 	21.7724 	19.4806
-0 	-19.4806 	9.16732 	9.16732 	-19.4806 	-0 	19.4806 	18.3346 	22.0016 	19.4806
-0 	-19.4806 	9.16732 	9.16732 	-19.4806 	-0 	19.4806 	18.3346 	22.2308 	19.4806
-0 	-19.4806 	9.16732 	9.16732 	-19.4806 	-0 	19.4806 	18.3346 	22.4599 	19.4806
-0 	-19.4806 	9.16732 	9.16732 	-19.4806 	-0 	19.4806 	18.3346 	22.6891 	19.4806
-0 	-19.4806 	9.16732 	9.16732 	-19.4806 	-0 	19.4806 	18.3346 	22.9183 	19.4806
-0 	-19.4806 	9.16732 	9.16732 	-19.4806 	-0 	19.4806 	18.3346 	23.1475 	19.4806
-0 	-19.4806 	9.16732 	9.16732 	-19.4806 	-0 	19.4806 	18.3346 	23.3767 	19.4806
-0 	-19.4806 	9.16732 	9.16732 	-19.4806 	-0 	19.4806 	18.3346 	23.6059 	19.4806
-0 	-19.4806 	9.16732 	9.16732 	-19.4806 	-0 	19.4806 	18.3346 	23.835 	19.4806
-0 	-19.4806 	9.16732 	9.16732 	-19.4806 	-0 	19.4806 	18.3346 	24.0642 	19.4806
-0 	-19.4806 	9.16732 	9.16732 	-19.4806 	-0 	19.4806 	18.3346 	24.2934 	19.4806
-0 	-19.4806 	9.16732 	9.16732 	-19.4806 	-0 	19.4806 	18.3346 	24.5226 	19.4806
-0 	-19.4806 	9.16732 	9.16732 	-19.4806 	-0 	19.4806 	18.3346 	24.7518 	19.4806
-0 	-19.4806 	9.16732 	9.16732 	-19.4806 	-0 	19.4806 	18.3346 	24.981 	19.4806
-0 	-19.4806 	9.16732 	9.16732 	-19.4806 	-0 	19.4806 	18.3346 	25.2101 	19.4806
-0 	-19.4806 	9.16732 	9.16732 	-19.4806 	-0 	19.4806 	18.3346 	25.4393 	19.4806
-0 	-19.4806 	9.16732 	9.16732 	-19.4806 	-0 	19.4806 	18.3346 	25.6685 	19.4806
-0 	-19.4806 	9.16732 	9.16732 	-19.4806 	-0 	19.4806 	18.3346 	25.8977 	19.4806
-0 	-19.4806 	9.16732 	9.16732 	-19.4806 	-0 	19.4806 	18.3346 	26.1269 	19.4806
-0 	-19.4806 	9.16732 	9.16732 	-19.4806 	-0 	19.4806 	18.3346 	26.3561 	19.4806
-0 	-19.4806 	9.16732 	9.16732 	-19.4806 	-0 	19.4806 	18.3346 	26.5852 	19.4806
-0 	-19.4806 	9.16732 	9.16732 	-19.4806 	-0 	19.4806 	18.3346 	26.8144 	19.4806
-0 	-19.4806 	9.16732 	9.16732 	-19.4806 	-0 	19.4806 	18.3346 	27.0436 	19.4806
-0 	-19.4806 	9.16732 	9.16732 	-19.4806 	-0 	19.4806 	18.3346 	27.2728 	19.4806
-0 	-19.4806 	9.16732 	9.16732 	-19.4806 	-0 	19.4806 	18.3346 	27.502 	19.4806
-0 	-19.4806 	9.16732 	9.16732 	-19.4806 	-0 	19.4806 	18.3346 	27.7312 	19.4806
-0 	-19.4806 	9.16732 	9.16732 	-19.4806 	-0 	19.4806 	18.3346 	27.9603 	19.4806
-0 	-19.4806 	9.16732 	9.16732 	-19.4806 	-0 	19.4806 	18.3346 	28.1895 	19.4806
-0 	-19.4806 	9.16732 	9.16732 	-19.4806 	-0 	19.4806 	18.3346 	28.4187 	19.4806
-0 	-19.4806 	9.16732 	9.16732 	-19.4806 	-0 	19.4806 	18.3346 	28.6479 	19.4806
-0 	-19.4806 	9.16732 	9.16732 	-19.4806 	-0 	19.4806 	18.3346 	28.8771 	19.4806
-0 	-19.4806 	9.16732 	9.16732 	-19.4806 	-0 	19.4806 	18.3346 	29.1063 	19.4806
-0 	-19.4806 	9.16732 	9.16732 	-19.4806 	-0 	19.4806 	18.3346 	29.3354 	19.4806
-0 	-19.4806 	9.16732 	9.16732 	-19.4806 	-0 	19.4806 	18.3346 	29.5646 	19.4806
-0 	-19.4806 	9.16732 	9.16732 	-19.4806 	-0 	19.4806 	18.3346 	29.7938 	19.4806
-0 	-19.4806 	9.16732 	9.16732 	-19.4806 	-0 	19.4806 	18.3346 	30.023 	19.4806
-0 	-19.4806 	9.16732 	9.16732 	-19.4806 	-0 	19.4806 	18.3346 	30.2522 	19.4806
-0 	-19.4806 	9.16732 	9.16732 	-19.4806 	-0 	19.4806 	18.3346 	30.4814 	19.4806
-0 	-19.4806 	9.16732 	9.16732 	-19.4806 	-0 	19.4806 	18.3346 	30.7105 	19.4806
-0 	-19.4806 	9.16732 	9.16732 	-19.4806 	-0 	19.4806 	18.3346 	30.9397 	19.4806
-0 	-19.4806 	9.16732 	9.16732 	-19.4806 	-0 	19.4806 	18.3346 	31.1689 	19.4806
-0 	-19.4806 	9.16732 	9.16732 	-19.4806 	-0 	19.4806 	18.3346 	31.3981 	19.4806
-0 	-19.4806 	9.16732 	9.16732 	-19.4806 	-0 	19.4806 	18.3346 	31.6273 	19.4806
-0 	-19.4806 	9.16732 	9.16732 	-19.4806 	-0 	19.4806 	18.3346 	31.8565 	19.4806
-0 	-19.4806 	9.16732 	9.16732 	-19.4806 	-0 	19.4806 	18.3346 	32.0856 	19.4806
-0 	-19.4806 	9.16732 	9.16732 	-19.4806 	-0 	19.4806 	18.3346 	32.3148 	19.4806
-0 	-19.4806 	9.16732 	9.16732 	-19.4806 	-0 	19.4806 	18.3346 	32.544 	19.4806
-0 	-19.4806 	9.16732 	9.16732 	-19.4806 	-0 	19.4806 	18.3346 	32.7732 	19.4806
-0 	-19.4806 	9.16732 	9.16732 	-19.4806 	-0 	19.4806 	18.3346 	33.0024 	19.4806
-0 	-19.4806 	9.16732 	9.16732 	-19.4806 	-0 	19.4806 	18.3346 	33.2316 	19.4806
-0 	-19.4806 	9.16732 	9.16732 	-19.4806 	-0 	19.4806 	18.3346 	33.4607 	19.4806
-0 	-19.4806 	9.16732 	9.16732 	-19.4806 	-0 	19.4806 	18.3346 	33.6899 	19.4806
-0 	-19.4806 	9.16732 	9.16732 	-19.4806 	-0 	19.4806 	18.3346 	33.9191 	19.4806
-0 	-19.4806 	9.16732 	9.16732 	-19.4806 	-0 	19.4806 	18.3346 	34.1483 	19.4806
-0 	-19.4806 	9.16732 	9.16732 	-19.4806 	-0 	19.4806 	18.3346 	34.3775 	19.4806
-0 	-19.4806 	9.16732 	9.16732 	-19.4806 	-0 	19.4806 	18.3346 	34.6067 	19.4806
-0 	-19.4806 	9.16732 	9.16732 	-19.4806 	-0 	19.4806 	18.3346 	34.8358 	19.4806
-0 	-19.4806 	9.16732 	9.16732 	-19.4806 	-0 	19.4806 	18.3346 	35.065 	19.4806
-0 	-19.4806 	9.16732 	9.16732 	-19.4806 	-0 	19.4806 	18.3346 	35.2942 	19.4806
-0 	-19.4806 	9.16732 	9.16732 	-19.4806 	-0 	19.4806 	18.3346 	35.5234 	19.4806
-0 	-19.4806 	9.16732 	9.16732 	-19.4806 	-0 	19.4806 	18.3346 	35.7526 	19.4806
-0 	-19.4806 	9.16732 	9.16732 	-19.4806 	-0 	19.4806 	18.3346 	35.9817 	19.4806
-0 	-19.4806 	9.16732 	9.16732 	-19.4806 	-0 	19.4806 	18.3346 	36.2109 	19.4806
-0 	-19.4806 	9.16732 	9.16732 	-19.4806 	-0 	19.4806 	18.3346 	36.4401 	19.4806
-0 	-19.4806 	9.16732 	9.16732 	-19.4806 	-0 	19.4806 	18.3346 	36.6693 	19.4806
-0 	-19.4806 	9.16732 	9.16732 	-19.4806 	-0 	19.4806 	18.3346 	36.8985 	19.4806
-0 	-19.4806 	9.16732 	9.16732 	-19.4806 	-0 	19.4806 	18.3346 	37.1277 	19.4806
-0 	-19.4806 	9.16732 	9.16732 	-19.4806 	-0 	19.4806 	18.3346 	37.3568 	19.4806
-0 	-19.4806 	9.16732 	9.16732 	-19.4806 	-0 	19.4806 	18.3346 	37.586 	19.4806
-0 	-19.4806 	9.16732 	9.16732 	-19.4806 	-0 	19.4806 	18.3346 	37.8152 	19.4806
-0 	-19.4806 	9.16732 	9.16732 	-19.4806 	-0 	19.4806 	18.3346 	38.0444 	19.4806
-0 	-19.4806 	9.16732 	9.16732 	-19.4806 	-0 	19.4806 	18.3346 	38.2736 	19.4806
-0 	-19.4806 	9.16732 	9.16732 	-19.4806 	-0 	19.4806 	18.3346 	38.5028 	19.4806
-0 	-19.4806 	9.16732 	9.16732 	-19.4806 	-0 	19.4806 	18.3346 	38.7319 	19.4806
-0 	-19.4806 	9.16732 	9.16732 	-19.4806 	-0 	19.4806 	18.3346 	38.9611 	19.4806
-0 	-19.4806 	9.16732 	9.16732 	-19.4806 	-0 	19.4806 	18.3346 	39.1903 	19.4806
-0 	-19.4806 	9.16732 	9.16732 	-19.4806 	-0 	19.4806 	18.3346 	39.4195 	19.4806
-0 	-19.4806 	9.16732 	9.16732 	-19.4806 	-0 	19.4806 	18.3346 	39.6487 	19.4806
-0 	-19.4806 	9.16732 	9.16732 	-19.4806 	-0 	19.4806 	18.3346 	39.8779 	19.4806
-0 	-19.4806 	9.16732 	9.16732 	-19.4806 	-0 	19.4806 	18.3346 	40.107 	19.4806
-0 	-19.4806 	9.16732 	9.16732 	-19.4806 	-0 	19.4806 	18.3346 	40.3362 	19.4806
-0 	-19.4806 	9.16732 	9.16732 	-19.4806 	-0 	19.4806 	18.3346 	40.5654 	19.4806
-0 	-19.4806 	9.16732 	9.16732 	-19.4806 	-0 	19.4806 	18.3346 	40.7946 	19.4806
-0 	-19.4806 	9.16732 	9.16732 	-19.4806 	-0 	19.4806 	18.3346 	41.0238 	19.4806
-0 	-19.4806 	9.16732 	9.16732 	-19.4806 	-0 	19.4806 	18.3346 	41.253 	19.4806
-0 	-19.4806 	9.16732 	9.16732 	-19.4806 	-0 	19.4806 	18.3346 	41.4821 	19.4806
-0 	-19.4806 	9.16732 	9.16732 	-19.4806 	-0 	19.4806 	18.3346 	41.7113 	19.4806
-0 	-19.4806 	9.16732 	9.16732 	-19.4806 	-0 	19.4806 	18.3346 	41.9405 	19.4806
-0 	-19.4806 	9.16732 	9.16732 	-19.4806 	-0 	19.4806 	18.3346 	42.1697 	19.4806
-0 	-19.4806 	9.16732 	9.16732 	-19.4806 	-0 	19.4806 	18.3346 	42.3989 	19.4806
-0 	-19.4806 	9.16732 	9.16732 	-19.4806 	-0 	19.4806 	18.3346 	42.6281 	19.4806
-0 	-19.4806 	9.16732 	9.16732 	-19.4806 	-0 	19.4806 	18.3346 	42.8572 	19.4806
-0 	-19.4806 	9.16732 	9.16732 	-19.4806 	-0 	19.4806 	18.3346 	43.0864 	19.4806
-0 	-19.4806 	9.16732 	9.16732 	-19.4806 	-0 	19.4806 	18.3346 	43.3156 	19.4806
-0 	-19.4806 	9.16732 	9.16732 	-19.4806 	-0 	19.4806 	18.3346 	43.5448 	19.4806
-0 	-19.4806 	9.16732 	9.16732 	-19.4806 	-0 	19.4806 	18.3346 	43.774 	19.4806
-0 	-19.4806 	9.16732 	9.16732 	-19.4806 	-0 	19.4806 	18.3346 	44.0032 	19.4806
-0 	-19.4806 	9.16732 	9.16732 	-19.4806 	-0 	19.4806 	18.3346 	44.2323 	19.4806
-0 	-19.4806 	9.16732 	9.16732 	-19.4806 	-0 	19.4806 	18.3346 	44.4615 	19.4806
-0 	-19.4806 	9.16732 	9.16732 	-19.4806 	-0 	19.4806 	18.3346 	44.6907 	19.4806
-0 	-19.4806 	9.16732 	9.16732 	-19.4806 	-0 	19.4806 	18.3346 	44.9199 	19.4806
-0 	-19.4806 	9.16732 	9.16732 	-19.4806 	-0 	19.4806 	18.3346 	45.1491 	19.4806
-0 	-19.4806 	9.16732 	9.16732 	-19.4806 	-0 	19.4806 	18.3346 	45.3783 	19.4806
-0 	-19.4806 	9.16732 	9.16732 	-19.4806 	-0 	19.4806 	18.3346 	45.6074 	19.4806
-0 	-19.4806 	9.16732 	9.16732 	-19.4806 	-0 	19.4806 	18.3346 	45.8366 	19.4806
-0 	-19.4806 	9.16732 	9.16732 	-19.4806 	-0 	19.4806 	18.3346 	46.0658 	19.4806
-0 	-19.4806 	9.16732 	9.16732 	-19.4806 	-0 	19.4806 	18.3346 	46.295 	19.4806
-0 	-19.4806 	9.16732 	9.16732 	-19.4806 	-0 	19.4806 	18.3346 	46.5242 	19.4806
-0 	-19.4806 	9.16732 	9.16732 	-19.4806 	-0 	19.4806 	18.3346 	46.7534 	19.4806
-0 	-19.4806 	9.16732 	9.16732 	-19.4806 	-0 	19.4806 	18.3346 	46.9825 	19.4806
-0 	-19.4806 	9.16732 	9.16732 	-19.4806 	-0 	19.4806 	18.3346 	47.2117 	19.4806
-0 	-19.4806 	9.16732 	9.16732 	-19.4806 	-0 	19.4806 	18.3346 	47.4409 	19.4806
-0 	-19.4806 	9.16732 	9.16732 	-19.4806 	-0 	19.4806 	18.3346 	47.6701 	19.4806
-0 	-19.4806 	9.16732 	9.16732 	-19.4806 	-0 	19.4806 	18.3346 	47.8993 	19.4806
-0 	-19.4806 	9.16732 	9.16732 	-19.4806 	-0 	19.4806 	18.3346 	48.1285 	19.4806
-0 	-19.4806 	9.16732 	9.16732 	-19.4806 	-0 	19.4806 	18.3346 	48.3576 	19.4806
-0 	-19.4806 	9.16732 	9.16732 	-19.4806 	-0 	19.4806 	18.3346 	48.5868 	19.4806
-0 	-19.4806 	9.16732 	9.16732 	-19.4806 	-0 	19.4806 	18.3346 	48.816 	19.4806
-0 	-19.4806 	9.16732 	9.16732 	-19.4806 	-0 	19.4806 	18.3346 	49.0452 	19.4806
-0 	-19.4806 	9.16732 	9.16732 	-19.4806 	-0 	19.4806 	18.3346 	49.2744 	19.4806
-0 	-19.4806 	9.16732 	9.16732 	-19.4806 	-0 	19.4806 	18.3346 	49.5036 	19.4806
-0 	-19.4806 	9.16732 	9.16732 	-19.4806 	-0 	19.4806 	18.3346 	49.7327 	19.4806
-0 	-19.4806 	9.16732 	9.16732 	-19.4806 	-0 	19.4806 	18.3346 	49.9619 	19.4806
-0 	-19.4806 	9.16732 	9.16732 	-19.4806 	-0 	19.4806 	18.3346 	50.1911 	19.4806
-0 	-19.4806 	9.16732 	9.16732 	-19.4806 	-0 	19.4806 	18.3346 	50.4203 	19.4806
-0 	-19.4806 	9.85487 	9.16732 	-19.4806 	-0 	19.4806 	20.1681 	45.1491 	19.4806
-0 	-19.4806 	10.5424 	9.16732 	-19.4806 	-0 	19.4806 	22.0016 	39.8779 	19.4806
-0 	-19.4806 	11.23 	9.16732 	-19.4806 	-0 	19.4806 	23.835 	34.6067 	19.4806
-0 	-19.4806 	11.9175 	9.16732 	-19.4806 	-0 	19.4806 	25.6685 	29.3354 	19.4806
-0 	-19.4806 	12.6051 	9.16732 	-19.4806 	-0 	19.4806 	27.502 	24.0642 	19.4806
-0 	-19.4806 	13.2926 	9.16732 	-19.4806 	-0 	19.4806 	29.3354 	18.793 	19.4806
-0 	-19.4806 	13.9802 	9.16732 	-19.4806 	-0 	19.4806 	31.1689 	13.5218 	19.4806
-0 	-19.4806 	14.6677 	9.16732 	-19.4806 	-0 	19.4806 	33.0024 	8.25059 	19.4806
-0 	-19.4806 	15.3553 	9.16732 	-19.4806 	-0 	19.4806 	34.8358 	2.97938 	19.4806
-0 	-19.4806 	16.0428 	9.16732 	-19.4806 	-0 	19.4806 	36.6693 	-2.29183 	19.4806
-0 	-19.4806 	16.7304 	9.16732 	-19.4806 	-0 	19.4806 	38.5028 	-7.56304 	19.4806
-0 	-19.4806 	17.4179 	9.16732 	-19.4806 	-0 	19.4806 	40.3362 	-12.8343 	19.4806
-0 	-19.4806 	18.1055 	9.16732 	-19.4806 	-0 	19.4806 	42.1697 	-18.1055 	19.4806
-0 	-19.4806 	18.793 	9.16732 	-19.4806 	-0 	19.4806 	44.0032 	-23.3767 	19.4806
-0 	-19.4806 	19.4806 	9.16732 	-19.4806 	-0 	19.4806 	45.8366 	-28.6479 	19.4806
-0 	-19.4806 	20.1681 	9.16732 	-19.4806 	-0 	19.4806 	47.6701 	-33.9191 	19.4806
-0 	-19.4806 	20.8557 	9.16732 	-19.4806 	-0 	19.4806 	49.5036 	-39.1903 	19.4806
-0 	-19.4806 	21.5432 	9.16732 	-19.4806 	-0 	19.4806 	51.337 	-44.4615 	19.4806
-0 	-19.4806 	20.8557 	9.16732 	-19.4806 	-0 	19.5379 	49.5036 	-39.1903 	19.5379
-0 	-19.4806 	20.1681 	9.16732 	-19.4806 	-0 	19.5952 	47.6701 	-33.9191 	19.5952
-0 	-19.4806 	19.4806 	9.16732 	-19.4806 	-0 	19.6525 	45.8366 	-28.6479 	19.6525
-0 	-19.4806 	18.793 	9.16732 	-19.4806 	-0 	19.7097 	44.0032 	-23.3767 	19.7097
-0 	-19.4806 	18.1055 	9.16732 	-19.4806 	-0 	19.767 	42.1697 	-18.1055 	19.767
-0 	-19.4806 	17.4179 	9.16732 	-19.4806 	-0 	19.8243 	40.3362 	-12.8343 	19.8243
-0 	-19.4806 	16.7304 	9.16732 	-19.4806 	-0 	19.8816 	38.5028 	-7.56304 	19.8816
-0 	-19.4806 	16.0428 	9.16732 	-19.4806 	-0 	19.9389 	36.6693 	-2.29183 	19.9389
-0 	-19.4806 	15.3553 	9.16732 	-19.4806 	-0 	19.9962 	34.8358 	2.97938 	19.9962
-0 	-19.4806 	14.6677 	9.16732 	-19.4806 	-0 	20.0535 	33.0024 	8.25059 	20.0535
-0 	-19.4806 	13.9802 	9.16732 	-19.4806 	-0 	20.1108 	31.1689 	13.5218 	20.1108
-0 	-19.4806 	13.2926 	9.16732 	-19.4806 	-0 	20.1681 	29.3354 	18.793 	20.1681
-0 	-19.4806 	12.6051 	9.16732 	-19.4806 	-0 	20.2254 	27.502 	24.0642 	20.2254
-0 	-19.4806 	11.9175 	9.16732 	-19.4806 	-0 	20.2827 	25.6685 	29.3354 	20.2827
-0 	-19.4806 	11.23 	9.16732 	-19.4806 	-0 	20.34 	23.835 	34.6067 	20.34
-0 	-19.4806 	10.5424 	9.16732 	-19.4806 	-0 	20.3973 	22.0016 	39.8779 	20.3973
-0 	-19.4806 	9.85487 	9.16732 	-19.4806 	-0 	20.4546 	20.1681 	45.1491 	20.4546
-0 	-19.4806 	9.16732 	9.16732 	-19.4806 	-0 	20.5119 	18.3346 	50.4203 	20.5119
-0 	-19.4806 	9.16732 	9.16732 	-19.4806 	-0 	20.5062 	18.3346 	50.1911 	20.5062
-0 	-19.4806 	9.16732 	9.16732 	-19.4806 	-0 	20.5004 	18.3346 	49.9619 	20.5004
-0 	-19.4806 	9.16732 	9.16732 	-19.4806 	-0 	20.4947 	18.3346 	49.7327 	20.4947
-0 	-19.4806 	9.16732 	9.16732 	-19.4806 	-0 	20.489 	18.3346 	49.5036 	20.489
-0 	-19.4806 	9.16732 	9.16732 	-19.4806 	-0 	20.4832 	18.3346 	49.2744 	20.4832
-0 	-19.4806 	9.16732 	9.16732 	-19.4806 	-0 	20.4775 	18.3346 	49.0452 	20.4775
-0 	-19.4806 	9.16732 	9.16732 	-19.4806 	-0 	20.4718 	18.3346 	48.816 	20.4718
-0 	-19.4806 	9.16732 	9.16732 	-19.4806 	-0 	20.4661 	18.3346 	48.5868 	20.4661
-0 	-19.4806 	9.16732 	9.16732 	-19.4806 	-0 	20.4603 	18.3346 	48.3576 	20.4603
-0 	-19.4806 	9.16732 	9.16732 	-19.4806 	-0 	20.4546 	18.3346 	48.1285 	20.4546
-0 	-19.4806 	9.16732 	9.16732 	-19.4806 	-0 	20.4489 	18.3346 	47.8993 	20.4489
-0 	-19.4806 	9.16732 	9.16732 	-19.4806 	-0 	20.4431 	18.3346 	47.6701 	20.4431
-0 	-19.4806 	9.16732 	9.16732 	-19.4806 	-0 	20.4374 	18.3346 	47.4409 	20.4374
-0 	-19.4806 	9.16732 	9.16732 	-19.4806 	-0 	20.4317 	18.3346 	47.2117 	20.4317
-0 	-19.4806 	9.16732 	9.16732 	-19.4806 	-0 	20.4259 	18.3346 	46.9825 	20.4259
-0 	-19.4806 	9.16732 	9.16732 	-19.4806 	-0 	20.4202 	18.3346 	46.7534 	20.4202
-0 	-19.4806 	9.16732 	9.16732 	-19.4806 	-0 	20.4145 	18.3346 	46.5242 	20.4145
-0 	-19.4806 	9.16732 	9.16732 	-19.4806 	-0 	20.4088 	18.3346 	46.295 	20.4088
-0 	-19.4806 	9.16732 	9.16732 	-19.4806 	-0 	20.403 	18.3346 	46.0658 	20.403
-0 	-19.4806 	9.16732 	9.16732 	-19.4806 	-0 	20.3973 	18.3346 	45.8366 	20.3973
-0 	-19.4806 	9.16732 	9.16732 	-19.4806 	-0 	20.3916 	18.3346 	45.6074 	20.3916
-0 	-19.4806 	9.16732 	9.16732 	-19.4806 	-0 	20.3858 	18.3346 	45.3783 	20.3858
-0 	-19.4806 	9.16732 	9.16732 	-19.4806 	-0 	20.3801 	18.3346 	45.1491 	20.3801
-0 	-19.4806 	9.16732 	9.16732 	-19.4806 	-0 	20.3744 	18.3346 	44.9199 	20.3744
-0 	-19.4806 	9.16732 	9.16732 	-19.4806 	-0 	20.3686 	18.3346 	44.6907 	20.3686
-0 	-19.4806 	9.16732 	9.16732 	-19.4806 	-0 	20.3629 	18.3346 	44.4615 	20.3629
-0 	-19.4806 	9.16732 	9.16732 	-19.4806 	-0 	20.3572 	18.3346 	44.2323 	20.3572
-0 	-19.4806 	9.16732 	9.16732 	-19.4806 	-0 	20.3515 	18.3346 	44.0032 	20.3515
-0 	-19.4806 	9.16732 	9.16732 	-19.4806 	-0 	20.3457 	18.3346 	43.774 	20.3457
-0 	-19.4806 	9.16732 	9.16732 	-19.4806 	-0 	20.34 	18.3346 	43.5448 	20.34
-0 	-19.4806 	9.16732 	9.16732 	-19.4806 	-0 	20.3343 	18.3346 	43.3156 	20.3343
-0 	-19.4806 	9.16732 	9.16732 	-19.4806 	-0 	20.3285 	18.3346 	43.0864 	20.3285
-0 	-19.4806 	9.16732 	9.16732 	-19.4806 	-0 	20.3228 	18.3346 	42.8572 	20.3228
-0 	-19.4806 	9.16732 	9.16732 	-19.4806 	-0 	20.3171 	18.3346 	42.6281 	20.3171
-0 	-19.4806 	9.16732 	9.16732 	-19.4806 	-0 	20.3114 	18.3346 	42.3989 	20.3114
-0 	-19.4806 	9.16732 	9.16732 	-19.4806 	-0 	20.3056 	18.3346 	42.1697 	20.3056
-0 	-19.4806 	9.16732 	9.16732 	-19.4806 	-0 	20.2999 	18.3346 	41.9405 	20.2999
-0 	-19.4806 	9.16732 	9.16732 	-19.4806 	-0 	20.2942 	18.3346 	41.7113 	20.2942
-0 	-19.4806 	9.16732 	9.16732 	-19.4806 	-0 	20.2884 	18.3346 	41.4821 	20.2884
-0 	-19.4806 	9.16732 	9.16732 	-19.4806 	-0 	20.2827 	18.3346 	41.253 	20.2827
-0 	-19.4806 	9.16732 	9.16732 	-19.4806 	-0 	20.277 	18.3346 	41.0238 	20.277
-0 	-19.4806 	9.16732 	9.16732 	-19.4806 	-0 	20.2712 	18.3346 	40.7946 	20.2712
-0 	-19.4806 	9.16732 	9.16732 	-19.4806 	-0 	20.2655 	18.3346 	40.5654 	20.2655
-0 	-19.4806 	9.16732 	9.16732 	-19.4806 	-0 	20.2598 	18.3346 	40.3362 	20.2598
-0 	-19.4806 	9.16732 	9.16732 	-19.4806 	-0 	20.2541 	18.3346 	40.107 	20.2541
-0 	-19.4806 	9.16732 	9.16732 	-19.4806 	-0 	20.2483 	18.3346 	39.8779 	20.2483
-0 	-19.4806 	9.16732 	9.16732 	-19.4806 	-0 	20.2426 	18.3346 	39.6487 	20.2426
-0 	-19.4806 	9.16732 	9.16732 	-19.4806 	-0 	20.2369 	18.3346 	39.4195 	20.2369
-0 	-19.4806 	9.16732 	9.16732 	-19.4806 	-0 	20.2311 	18.3346 	39.1903 	20.2311
-0 	-19.4806 	9.16732 	9.16732 	-19.4806 	-0 	20.2254 	18.3346 	38.9611 	20.2254
-0 	-19.4806 	9.16732 	9.16732 	-19.4806 	-0 	20.2197 	18.3346 	38.7319 	20.2197
-0 	-19.4806 	9.16732 	9.16732 	-19.4806 	-0 	20.214 	18.3346 	38.5028 	20.214
-0 	-19.4806 	9.16732 	9.16732 	-19.4806 	-0 	20.2082 	18.3346 	38.2736 	20.2082
-0 	-19.4806 	9.16732 	9.16732 	-19.4806 	-0 	20.2025 	18.3346 	38.0444 	20.2025
-0 	-19.4806 	9.16732 	9.16732 	-19.4806 	-0 	20.1968 	18.3346 	37.8152 	20.1968
-0 	-19.4806 	9.16732 	9.16732 	-19.4806 	-0 	20.191 	18.3346 	37.586 	20.191
-0 	-19.4806 	9.16732 	9.16732 	-19.4806 	-0 	20.1853 	18.3346 	37.3568 	20.1853
-0 	-19.4806 	9.16732 	9.16732 	-19.4806 	-0 	20.1796 	18.3346 	37.1277 	20.1796
-0 	-19.4806 	9.16732 	9.16732 	-19.4806 	-0 	20.1738 	18.3346 	36.8985 	20.1738
-0 	-19.4806 	9.16732 	9.16732 	-19.4806 	-0 	20.1681 	18.3346 	36.6693 	20.1681
-0 	-19.4806 	9.16732 	9.16732 	-19.4806 	-0 	20.1624 	18.3346 	36.4401 	20.1624
-0 	-19.4806 	9.16732 	9.16732 	-19.4806 	-0 	20.1567 	18.3346 	36.2109 	20.1567
-0 	-19.4806 	9.16732 	9.16732 	-19.4806 	-0 	20.1509 	18.3346 	35.9817 	20.1509
-0 	-19.4806 	9.16732 	9.16732 	-19.4806 	-0 	20.1452 	18.3346 	35.7526 	20.1452
-0 	-19.4806 	9.16732 	9.16732 	-19.4806 	-0 	20.1395 	18.3346 	35.5234 	20.1395
-0 	-19.4806 	9.16732 	9.16732 	-19.4806 	-0 	20.1337 	18.3346 	35.2942 	20.1337
-0 	-19.4806 	9.16732 	9.16732 	-19.4806 	-0 	20.128 	18.3346 	35.065 	20.128
-0 	-19.4806 	9.16732 	9.16732 	-19.4806 	-0 	20.1223 	18.3346 	34.8358 	20.1223
-0 	-19.4806 	9.16732 	9.16732 	-19.4806 	-0 	20.1165 	18.3346 	34.6067 	20.1165
-0 	-19.4806 	9.16732 	9.16732 	-19.4806 	-0 	20.1108 	18.3346 	34.3775 	20.1108
-0 	-19.4806 	9.16732 	9.16732 	-19.4806 	-0 	20.1051 	18.3346 	34.1483 	20.1051
-0 	-19.4806 	9.16732 	9.16732 	-19.4806 	-0 	20.0994 	18.3346 	33.9191 	20.0994
-0 	-19.4806 	9.16732 	9.16732 	-19.4806 	-0 	20.0936 	18.3346 	33.6899 	20.0936
-0 	-19.4806 	9.16732 	9.16732 	-19.4806 	-0 	20.0879 	18.3346 	33.4607 	20.0879
-0 	-19.4806 	9.16732 	9.16732 	-19.4806 	-0 	20.0822 	18.3346 	33.2316 	20.0822
-0 	-19.4806 	9.16732 	9.16732 	-19.4806 	-0 	20.0764 	18.3346 	33.0024 	20.0764
-0 	-19.4806 	9.16732 	9.16732 	-19.4806 	-0 	20.0707 	18.3346 	32.7732 	20.0707
-0 	-19.4806 	9.16732 	9.16732 	-19.4806 	-0 	20.065 	18.3346 	32.544 	20.065
-0 	-19.4806 	9.16732 	9.16732 	-19.4806 	-0 	20.0593 	18.3346 	32.3148 	20.0593
-0 	-19.4806 	9.16732 	9.16732 	-19.4806 	-0 	20.0535 	18.3346 	32.0856 	20.0535
-0 	-19.4806 	9.16732 	9.16732 	-19.4806 	-0 	20.0478 	18.3346 	31.8565 	20.0478
-0 	-19.4806 	9.16732 	9.16732 	-19.4806 	-0 	20.0421 	18.3346 	31.6273 	20.0421
-0 	-19.4806 	9.16732 	9.16732 	-19.4806 	-0 	20.0363 	18.3346 	31.3981 	20.0363
-0 	-19.4806 	9.16732 	9.16732 	-19.4806 	-0 	20.0306 	18.3346 	31.1689 	20.0306
-0 	-19.4806 	9.16732 	9.16732 	-19.4806 	-0 	20.0249 	18.3346 	30.9397 	20.0249
-0 	-19.4806 	9.16732 	9.16732 	-19.4806 	-0 	20.0191 	18.3346 	30.7105 	20.0191
-0 	-19.4806 	9.16732 	9.16732 	-19.4806 	-0 	20.0134 	18.3346 	30.4814 	20.0134
-0 	-19.4806 	9.16732 	9.16732 	-19.4806 	-0 	20.0077 	18.3346 	30.2522 	20.0077
-0 	-19.4806 	9.16732 	9.16732 	-19.4806 	-0 	20.002 	18.3346 	30.023 	20.002
-0 	-19.4806 	9.16732 	9.16732 	-19.4806 	-0 	19.9962 	18.3346 	29.7938 	19.9962
-0 	-19.4806 	9.16732 	9.16732 	-19.4806 	-0 	19.9905 	18.3346 	29.5646 	19.9905
-0 	-19.4806 	9.16732 	9.16732 	-19.4806 	-0 	19.9848 	18.3346 	29.3354 	19.9848
-0 	-19.4806 	9.16732 	9.16732 	-19.4806 	-0 	19.979 	18.3346 	29.1063 	19.979
-0 	-19.4806 	9.16732 	9.16732 	-19.4806 	-0 	19.9733 	18.3346 	28.8771 	19.9733
-0 	-19.4806 	9.16732 	9.16732 	-19.4806 	-0 	19.9676 	18.3346 	28.6479 	19.9676
-0 	-19.4806 	9.16732 	9.16732 	-19.4806 	-0 	19.9618 	18.3346 	28.4187 	19.9618
-0 	-19.4806 	9.16732 	9.16732 	-19.4806 	-0 	19.9561 	18.3346 	28.1895 	19.9561
-0 	-19.4806 	9.16732 	9.16732 	-19.4806 	-0 	19.9504 	18.3346 	27.9603 	19.9504
-0 	-19.4806 	9.16732 	9.16732 	-19.4806 	-0 	19.9447 	18.3346 	27.7312 	19.9447
-0 	-19.4806 	9.16732 	9.16732 	-19.4806 	-0 	19.9389 	18.3346 	27.502 	19.9389
-0 	-19.4806 	9.16732 	9.16732 	-19.4806 	-0 	19.9332 	18.3346 	27.2728 	19.9332
-0 	-19.4806 	9.16732 	9.16732 	-19.4806 	-0 	19.9275 	18.3346 	27.0436 	19.9275
-0 	-19.4806 	9.16732 	9.16732 	-19.4806 	-0 	19.9217 	18.3346 	26.8144 	19.9217
-0 	-19.4806 	9.16732 	9.16732 	-19.4806 	-0 	19.916 	18.3346 	26.5852 	19.916
-0 	-19.4806 	9.16732 	9.16732 	-19.4806 	-0 	19.9103 	18.3346 	26.3561 	19.9103
-0 	-19.4806 	9.16732 	9.16732 	-19.4806 	-0 	19.9046 	18.3346 	26.1269 	19.9046
-0 	-19.4806 	9.16732 	9.16732 	-19.4806 	-0 	19.8988 	18.3346 	25.8977 	19.8988
-0 	-19.4806 	9.16732 	9.16732 	-19.4806 	-0 	19.8931 	18.3346 	25.6685 	19.8931
-0 	-19.4806 	9.16732 	9.16732 	-19.4806 	-0 	19.8874 	18.3346 	25.4393 	19.8874
-0 	-19.4806 	9.16732 	9.16732 	-19.4806 	-0 	19.8816 	18.3346 	25.2101 	19.8816
-0 	-19.4806 	9.16732 	9.16732 	-19.4806 	-0 	19.8759 	18.3346 	24.981 	19.8759
-0 	-19.4806 	9.16732 	9.16732 	-19.4806 	-0 	19.8702 	18.3346 	24.7518 	19.8702
-0 	-19.4806 	9.16732 	9.16732 	-19.4806 	-0 	19.8644 	18.3346 	24.5226 	19.8644
-0 	-19.4806 	9.16732 	9.16732 	-19.4806 	-0 	19.8587 	18.3346 	24.2934 	19.8587
-0 	-19.4806 	9.16732 	9.16732 	-19.4806 	-0 	19.853 	18.3346 	24.0642 	19.853
-0 	-19.4806 	9.16732 	9.16732 	-19.4806 	-0 	19.8473 	18.3346 	23.835 	19.8473
-0 	-19.4806 	9.16732 	9.16732 	-19.4806 	-0 	19.8415 	18.3346 	23.6059 	19.8415
-0 	-19.4806 	9.16732 	9.16732 	-19.4806 	-0 	19.8358 	18.3346 	23.3767 	19.8358
-0 	-19.4806 	9.16732 	9.16732 	-19.4806 	-0 	19.8301 	18.3346 	23.1475 	19.8301
-0 	-19.4806 	9.16732 	9.16732 	-19.4806 	-0 	19.8243 	18.3346 	22.9183 	19.8243
-0 	-19.4806 	9.16732 	9.16732 	-19.4806 	-0 	19.8186 	18.3346 	22.6891 	19.8186
-0 	-19.4806 	9.16732 	9.16732 	-19.4806 	-0 	19.8129 	18.3346 	22.4599 	19.8129
-0 	-19.4806 	9.16732 	9.16732 	-19.4806 	-0 	19.8072 	18.3346 	22.2308 	19.8072
-0 	-19.4806 	9.16732 	9.16732 	-19.4806 	-0 	19.8014 	18.3346 	22.0016 	19.8014
-0 	-19.4806 	9.16732 	9.16732 	-19.4806 	-0 	19.7957 	18.3346 	21.7724 	19.7957
-0 	-19.4806 	9.16732 	9.16732 	-19.4806 	-0 	19.79 	18.3346 	21.5432 	19.79
-0 	-19.4806 	9.16732 	9.16732 	-19.4806 	-0 	19.7842 	18.3346 	21.314 	19.7842
-0 	-19.4806 	9.16732 	9.16732 	-19.4806 	-0 	19.7785 	18.3346 	21.0848 	19.7785
-0 	-19.4806 	9.16732 	9.16732 	-19.4806 	-0 	19.7728 	18.3346 	20.8557 	19.7728
-0 	-19.4806 	9.16732 	9.16732 	-19.4806 	-0 	19.767 	18.3346 	20.6265 	19.767
-0 	-19.4806 	9.16732 	9.16732 	-19.4806 	-0 	19.7613 	18.3346 	20.3973 	19.7613
-0 	-19.4806 	9.16732 	9.16732 	-19.4806 	-0 	19.7556 	18.3346 	20.1681 	19.7556
-0 	-19.4806 	9.16732 	9.16732 	-19.4806 	-0 	19.7499 	18.3346 	19.9389 	19.7499
-0 	-19.4806 	9.16732 	9.16732 	-19.4806 	-0 	19.7441 	18.3346 	19.7097 	19.7441
-0 	-19.4806 	9.16732 	9.16732 	-19.4806 	-0 	19.7384 	18.3346 	19.4806 	19.7384
-0 	-19.4806 	9.16732 	9.16732 	-19.4806 	-0 	19.7327 	18.3346 	19.2514 	19.7327
-0 	-19.4806 	9.16732 	9.16732 	-19.4806 	-0 	19.7269 	18.3346 	19.0222 	19.7269
-0 	-19.4806 	9.16732 	9.16732 	-19.4806 	-0 	19.7212 	18.3346 	18.793 	19.7212
-0 	-19.4806 	9.16732 	9.16732 	-19.4806 	-0 	19.7155 	18.3346 	18.5638 	19.7155
-0 	-19.4806 	9.16732 	9.16732 	-19.4806 	-0 	19.7097 	18.3346 	18.3346 	19.7097
-0 	-19.4806 	9.16732 	9.16732 	-19.4806 	-0 	19.704 	18.3346 	18.1055 	19.704
-0 	-19.4806 	9.16732 	9.16732 	-19.4806 	-0 	19.6983 	18.3346 	17.8763 	19.6983
-0 	-19.4806 	9.16732 	9.16732 	-19.4806 	-0 	19.6926 	18.3346 	17.6471 	19.6926
-0 	-19.4806 	9.16732 	9.16732 	-19.4806 	-0 	19.6868 	18.3346 	17.4179 	19.6868
-0 	-19.4806 	9.16732 	9.16732 	-19.4806 	-0 	19.6811 	18.3346 	17.1887 	19.6811
-0 	-19.4806 	9.16732 	9.16732 	-19.4806 	-0 	19.6754 	18.3346 	16.9596 	19.6754
-0 	-19.4806 	9.16732 	9.16732 	-19.4806 	-0 	19.6696 	18.3346 	16.7304 	19.6696
-0 	-19.4806 	9.16732 	9.16732 	-19.4806 	-0 	19.6639 	18.3346 	16.5012 	19.6639
-0 	-19.4806 	9.16732 	9.16732 	-19.4806 	-0 	19.6582 	18.3346 	16.272 	19.6582
-0 	-19.4806 	9.16732 	9.16732 	-19.4806 	-0 	19.6525 	18.3346 	16.0428 	19.6525
-0 	-19.4806 	9.16732 	9.16732 	-19.4806 	-0 	19.6467 	18.3346 	15.8136 	19.6467
-0 	-19.4806 	9.16732 	9.16732 	-19.4806 	-0 	19.641 	18.3346 	15.5845 	19.641
-0 	-19.4806 	9.16732 	9.16732 	-19.4806 	-0 	19.6353 	18.3346 	15.3553 	19.6353
-0 	-19.4806 	9.16732 	9.16732 	-19.4806 	-0 	19.6295 	18.3346 	15.1261 	19.6295
-0 	-19.4806 	9.16732 	9.16732 	-19.4806 	-0 	19.6238 	18.3346 	14.8969 	19.6238
-0 	-19.4806 	9.16732 	9.16732 	-19.4806 	-0 	19.6181 	18.3346 	14.6677 	19.6181
-0 	-19.4806 	9.16732 	9.16732 	-19.4806 	-0 	19.6123 	18.3346 	14.4385 	19.6123
-0 	-19.4806 	9.16732 	9.16732 	-19.4806 	-0 	19.6066 	18.3346 	14.2094 	19.6066
-0 	-19.4806 	9.16732 	9.16732 	-19.4806 	-0 	19.6009 	18.3346 	13.9802 	19.6009
-0 	-19.4806 	9.16732 	9.16732 	-19.4806 	-0 	19.5952 	18.3346 	13.751 	19.5952
-0 	-19.4806 	9.16732 	9.16732 	-19.4806 	-0 	19.5952 	18.1055 	13.6364 	19.5952
-0 	-19.4806 	9.16732 	9.16732 	-19.4806 	-0 	19.5952 	17.8763 	13.5218 	19.5952
-0 	-19.4806 	9.16732 	9.16732 	-19.4806 	-0 	19.5952 	17.6471 	13.4072 	19.5952
-0 	-19.4806 	9.16732 	9.16732 	-19.4806 	-0 	19.5952 	17.4179 	13.2926 	19.5952
-0 	-19.4806 	9.16732 	9.16732 	-19.4806 	-0 	19.5952 	17.1887 	13.178 	19.5952
-0 	-19.4806 	9.16732 	9.16732 	-19.4806 	-0 	19.5952 	16.9596 	13.0634 	19.5952
-0 	-19.4806 	9.16732 	9.16732 	-19.4806 	-0 	19.5952 	16.7304 	12.9488 	19.5952
-0 	-19.4806 	9.16732 	9.16732 	-19.4806 	-0 	19.5952 	16.5012 	12.8343 	19.5952
-0 	-19.4806 	9.16732 	9.16732 	-19.4806 	-0 	19.5952 	16.272 	12.7197 	19.5952
-0 	-19.4806 	9.16732 	9.16732 	-19.4806 	-0 	19.5952 	16.0428 	12.6051 	19.5952
-0 	-19.4806 	9.16732 	9.16732 	-19.4806 	-0 	19.5952 	15.8136 	12.4905 	19.5952
-0 	-19.4806 	9.16732 	9.16732 	-19.4806 	-0 	19.5952 	15.5845 	12.3759 	19.5952
-0 	-19.4806 	9.16732 	9.16732 	-19.4806 	-0 	19.5952 	15.3553 	12.2613 	19.5952
-0 	-19.4806 	9.16732 	9.16732 	-19.4806 	-0 	19.5952 	15.1261 	12.1467 	19.5952
-0 	-19.4806 	9.16732 	9.16732 	-19.4806 	-0 	19.5952 	14.8969 	12.0321 	19.5952
-0 	-19.4806 	9.16732 	9.16732 	-19.4806 	-0 	19.5952 	14.6677 	11.9175 	19.5952
-0 	-19.4806 	9.16732 	9.16732 	-19.4806 	-0 	19.5952 	14.4385 	11.8029 	19.5952
-0 	-19.4806 	9.16732 	9.16732 	-19.4806 	-0 	19.5952 	14.2094 	11.6883 	19.5952
-0 	-19.4806 	9.16732 	9.16732 	-19.4806 	-0 	19.5952 	13.9802 	11.5737 	19.5952
-0 	-19.4806 	9.16732 	9.16732 	-19.4806 	-0 	19.5952 	13.751 	11.4592 	19.5952
-0 	-19.2858 	9.16732 	9.16732 	-19.2858 	-0 	19.4004 	13.751 	11.4592 	19.4004
-0 	-19.091 	9.16732 	9.16732 	-19.091 	-0 	19.2055 	13.751 	11.4592 	19.2055
-0 	-18.8961 	9.16732 	9.16732 	-18.8961 	-0 	19.0107 	13.751 	11.4592 	19.0107
-0 	-18.7013 	9.16732 	9.16732 	-18.7013 	-0 	18.8159 	13.751 	11.4592 	18.8159
-0 	-18.5065 	9.16732 	9.16732 	-18.5065 	-0 	18.6211 	13.751 	11.4592 	18.6211
-0 	-18.3117 	9.16732 	9.16732 	-18.3117 	-0 	18.4263 	13.751 	11.4592 	18.4263
-0 	-18.1169 	9.16732 	9.16732 	-18.1169 	-0 	18.2315 	13.751 	11.4592 	18.2315
-0 	-17.9221 	9.16732 	9.16732 	-17.9221 	-0 	18.0367 	13.751 	11.4592 	18.0367
-0 	-17.7273 	9.16732 	9.16732 	-17.7273 	-0 	17.8419 	13.751 	11.4592 	17.8419
-0 	-17.5325 	9.16732 	9.16732 	-17.5325 	-0 	17.6471 	13.751 	11.4592 	17.6471
-0 	-17.3377 	9.16732 	9.16732 	-17.3377 	-0 	17.4523 	13.751 	11.4592 	17.4523
-0 	-17.1429 	9.16732 	9.16732 	-17.1429 	-0 	17.2575 	13.751 	11.4592 	17.2575
-0 	-16.9481 	9.16732 	9.16732 	-16.9481 	-0 	17.0627 	13.751 	11.4592 	17.0627
-0 	-16.7533 	9.16732 	9.16732 	-16.7533 	-0 	16.8679 	13.751 	11.4592 	16.8679
-0 	-16.5585 	9.16732 	9.16732 	-16.5585 	-0 	16.6731 	13.751 	11.4592 	16.6731
-0 	-16.3637 	9.16732 	9.16732 	-16.3637 	-0 	16.4783 	13.751 	11.4592 	16.4783
-0 	-16.1689 	9.16732 	9.16732 	-16.1689 	-0 	16.2835 	13.751 	11.4592 	16.2835
-0 	-15.9741 	9.16732 	9.16732 	-15.9741 	-0 	16.0887 	13.751 	11.4592 	16.0887
-0 	-15.7793 	9.16732 	9.16732 	-15.7793 	-0 	15.8938 	13.751 	11.4592 	15.8938
-0 	-15.5845 	9.16732 	9.16732 	-15.5845 	-0 	15.699 	13.751 	11.4592 	15.699
-0 	-15.3896 	9.16732 	9.16732 	-15.3896 	-0 	15.5042 	13.751 	11.4592 	15.5042
-0 	-15.1948 	9.16732 	9.16732 	-15.1948 	-0 	15.3094 	13.751 	11.4592 	15.3094
-0 	-15 	9.16732 	9.16732 	-15 	-0 	15.1146 	13.751 	11.4592 	15.1146
-0 	-14.8052 	9.16732 	9.16732 	-14.8052 	-0 	14.9198 	13.751 	11.4592 	14.9198
-0 	-14.6104 	9.16732 	9.16732 	-14.6104 	-0 	14.725 	13.751 	11.4592 	14.725
-0 	-14.4156 	9.16732 	9.16732 	-14.4156 	-0 	14.5302 	13.751 	11.4592 	14.5302
-0 	-14.2208 	9.16732 	9.16732 	-14.2208 	-0 	14.3354 	13.751 	11.4592 	14.3354
-0 	-14.026 	9.16732 	9.16732 	-14.026 	-0 	14.1406 	13.751 	11.4592 	14.1406
-0 	-13.8312 	9.16732 	9.16732 	-13.8312 	-0 	13.9458 	13.751 	11.4592 	13.9458
-0 	-13.6364 	9.16732 	9.16732 	-13.6364 	-0 	13.751 	13.751 	11.4592 	13.751
-0 	-13.4416 	9.16732 	9.16732 	-13.4416 	-0 	13.5562 	13.751 	11.4592 	13.5562
-0 	-13.2468 	9.16732 	9.16732 	-13.2468 	-0 	13.3614 	13.751 	11.4592 	13.3614
-0 	-13.052 	9.16732 	9.16732 	-13.052 	-0 	13.1666 	13.751 	11.4592 	13.1666
-0 	-12.8572 	9.16732 	9.16732 	-12.8572 	-0 	12.9718 	13.751 	11.4592 	12.9718
-0 	-12.6624 	9.16732 	9.16732 	-12.6624 	-0 	12.777 	13.751 	11.4592 	12.777
-0 	-12.4676 	9.16732 	9.16732 	-12.4676 	-0 	12.5822 	13.751 	11.4592 	12.5822
-0 	-12.2728 	9.16732 	9.16732 	-12.2728 	-0 	12.3873 	13.751 	11.4592 	12.3873
-0 	-12.078 	9.16732 	9.16732 	-12.078 	-0 	12.1925 	13.751 	11.4592 	12.1925
-0 	-11.8831 	9.16732 	9.16732 	-11.8831 	-0 	11.9977 	13.751 	11.4592 	11.9977
-0 	-11.6883 	9.16732 	9.16732 	-11.6883 	-0 	11.8029 	13.751 	11.4592 	11.8029
-0 	-11.4935 	9.16732 	9.16732 	-11.4935 	-0 	11.6081 	13.751 	11.4592 	11.6081
-0 	-11.2987 	9.16732 	9.16732 	-11.2987 	-0 	11.4133 	13.751 	11.4592 	11.4133
-0 	-11.1039 	9.16732 	9.16732 	-11.1039 	-0 	11.2185 	13.751 	11.4592 	11.2185
-0 	-10.9091 	9.16732 	9.16732 	-10.9091 	-0 	11.0237 	13.751 	11.4592 	11.0237
-0 	-10.7143 	9.16732 	9.16732 	-10.7143 	-0 	10.8289 	13.751 	11.4592 	10.8289
-0 	-10.5195 	9.16732 	9.16732 	-10.5195 	-0 	10.6341 	13.751 	11.4592 	10.6341
-0 	-10.3247 	9.16732 	9.16732 	-10.3247 	-0 	10.4393 	13.751 	11.4592 	10.4393
-0 	-10.1299 	9.16732 	9.16732 	-10.1299 	-0 	10.2445 	13.751 	11.4592 	10.2445
-0 	-9.93509 	9.16732 	9.16732 	-9.93509 	-0 	10.0497 	13.751 	11.4592 	10.0497
-0 	-9.74028 	9.16732 	9.16732 	-9.74028 	-0 	9.85487 	13.751 	11.4592 	9.85487
-0 	-9.54548 	9.16732 	9.16732 	-9.54548 	-0 	9.66007 	13.751 	11.4592 	9.66007
-0 	-9.35067 	9.16732 	9.16732 	-9.35067 	-0 	9.46526 	13.751 	11.4592 	9.46526
-0 	-9.15587 	9.16732 	9.16732 	-9.15587 	-0 	9.27046 	13.751 	11.4592 	9.27046
-0 	-8.96106 	9.16732 	9.16732 	-8.96106 	-0 	9.07565 	13.751 	11.4592 	9.07565
-0 	-8.76625 	9.16732 	9.16732 	-8.76625 	-0 	8.88085 	13.751 	11.4592 	8.88085
-0 	-8.57145 	9.16732 	9.16732 	-8.57145 	-0 	8.68604 	13.751 	11.4592 	8.68604
-0 	-8.37664 	9.16732 	9.16732 	-8.37664 	-0 	8.49123 	13.751 	11.4592 	8.49123
-0 	-8.18184 	9.16732 	9.16732 	-8.18184 	-0 	8.29643 	13.751 	11.4592 	8.29643
-0 	-7.98703 	9.16732 	9.16732 	-7.98703 	-0 	8.10162 	13.751 	11.4592 	8.10162
-0 	-7.79223 	9.16732 	9.16732 	-7.79223 	-0 	7.90682 	13.751 	11.4592 	7.90682
-0 	-7.59742 	9.16732 	9.16732 	-7.59742 	-0 	7.71201 	13.751 	11.4592 	7.71201
-0 	-7.40261 	9.16732 	9.16732 	-7.40261 	-0 	7.51721 	13.751 	11.4592 	7.51721
-0 	-7.20781 	9.16732 	9.16732 	-7.20781 	-0 	7.3224 	13.751 	11.4592 	7.3224
-0 	-7.013 	9.16732 	9.16732 	-7.013 	-0 	7.12759 	13.751 	11.4592 	7.12759
-0 	-6.8182 	9.16732 	9.16732 	-6.8182 	-0 	6.93279 	13.751 	11.4592 	6.93279
-0 	-6.62339 	9.16732 	9.16732 	-6.62339 	-0 	6.73798 	13.751 	11.4592 	6.73798
-0 	-6.42859 	9.16732 	9.16732 	-6.42859 	-0 	6.54318 	13.751 	11.4592 	6.54318
-0 	-6.23378 	9.16732 	9.16732 	-6.23378 	-0 	6.34837 	13.751 	11.4592 	6.34837
-0 	-6.03898 	9.16732 	9.16732 	-6.03898 	-0 	6.15357 	13.751 	11.4592 	6.15357
-0 	-5.84417 	9.16732 	9.16732 	-5.84417 	-0 	5.95876 	13.751 	11.4592 	5.95876
-0 	-5.64936 	9.16732 	9.16732 	-5.64936 	-0 	5.76396 	13.751 	11.4592 	5.76396
-0 	-5.45456 	9.16732 	9.16732 	-5.45456 	-0 	5.56915 	13.751 	11.4592 	5.56915
-0 	-5.25975 	9.16732 	9.16732 	-5.25975 	-0 	5.37434 	13.751 	11.4592 	5.37434
-0 	-5.06495 	9.16732 	9.16732 	-5.06495 	-0 	5.17954 	13.751 	11.4592 	5.17954
-0 	-4.87014 	9.16732 	9.16732 	-4.87014 	-0 	4.98473 	13.751 	11.4592 	4.98473
-0 	-4.67534 	9.16732 	9.16732 	-4.67534 	-0 	4.78993 	13.751 	11.4592 	4.78993
-0 	-4.48053 	9.16732 	9.16732 	-4.48053 	-0 	4.59512 	13.751 	11.4592 	4.59512
-0 	-4.28572 	9.16732 	9.16732 	-4.28572 	-0 	4.40032 	13.751 	11.4592 	4.40032
-0 	-4.09092 	9.16732 	9.16732 	-4.09092 	-0 	4.20551 	13.751 	11.4592 	4.20551
-0 	-3.89611 	9.16732 	9.16732 	-3.89611 	-0 	4.0107 	13.751 	11.4592 	4.0107
-0 	-3.70131 	9.16732 	9.16732 	-3.70131 	-0 	3.8159 	13.751 	11.4592 	3.8159
-0 	-3.5065 	9.16732 	9.16732 	-3.5065 	-0 	3.62109 	13.751 	11.4592 	3.62109
-0 	-3.3117 	9.16732 	9.16732 	-3.3117 	-0 	3.42629 	13.751 	11.4592 	3.42629
-0 	-3.11689 	9.16732 	9.16732 	-3.11689 	-0 	3.23148 	13.751 	11.4592 	3.23148
-0 	-2.92208 	9.16732 	9.16732 	-2.92208 	-0 	3.03668 	13.751 	11.4592 	3.03668
-0 	-2.72728 	9.16732 	9.16732 	-2.72728 	-0 	2.84187 	13.751 	11.4592 	2.84187
-0 	-2.53247 	9.16732 	9.16732 	-2.53247 	-0 	2.64707 	13.751 	11.4592 	2.64707
-0 	-2.33767 	9.16732 	9.16732 	-2.33767 	-0 	2.45226 	13.751 	11.4592 	2.45226
-0 	-2.14286 	9.16732 	9.16732 	-2.14286 	-0 	2.25745 	13.751 	11.4592 	2.25745
-0 	-1.94806 	9.16732 	9.16732 	-1.94806 	-0 	2.06265 	13.751 	11.4592 	2.06265
-0 	-1.75325 	9.16732 	9.16732 	-1.75325 	-0 	1.86784 	13.751 	11.4592 	1.86784
-0 	-1.55845 	9.16732 	9.16732 	-1.55845 	-0 	1.67304 	13.751 	11.4592 	1.67304
-0 	-1.36364 	9.16732 	9.16732 	-1.36364 	-0 	1.47823 	13.751 	11.4592 	1.47823
-0 	-1.16883 	9.16732 	9.16732 	-1.16883 	-0 	1.28343 	13.751 	11.4592 	1.28343
-0 	-0.974028 	9.16732 	9.16732 	-0.974028 	-0 	1.08862 	13.751 	11.4592 	1.08862
-0 	-0.779223 	9.16732 	9.16732 	-0.779223 	-0 	0.893814 	13.751 	11.4592 	0.893814
-0 	-0.584417 	9.16732 	9.16732 	-0.584417 	-0 	0.699009 	13.751 	11.4592 	0.699009
-0 	-0.389611 	9.16732 	9.16732 	-0.389611 	-0 	0.504203 	13.751 	11.4592 	0.504203
-0 	-0.194806 	9.16732 	9.16732 	-0.194806 	-0 	0.309397 	13.751 	11.4592 	0.309397
-0 	-7.95139e-16 	9.16732 	9.16732 	-7.95139e-16 	-0 	0.114592 	13.751 	11.4592 	0.114592
-0 	-7.95139e-16 	8.93814 	8.93814 	-7.95139e-16 	-0 	0.114592 	13.5218 	11.23 	0.114592
-0 	-7.95139e-16 	8.70896 	8.70896 	-7.95139e-16 	-0 	0.114592 	13.2926 	11.0008 	0.114592
-0 	-7.95139e-16 	8.47978 	8.47978 	-7.95139e-16 	-0 	0.114592 	13.0634 	10.7716 	0.114592
-0 	-7.95139e-16 	8.25059 	8.25059 	-7.95139e-16 	-0 	0.114592 	12.8343 	10.5424 	0.114592
-0 	-7.95139e-16 	8.02141 	8.02141 	-7.95139e-16 	-0 	0.114592 	12.6051 	10.3132 	0.114592
-0 	-7.95139e-16 	7.79223 	7.79223 	-7.95139e-16 	-0 	0.114592 	12.3759 	10.0841 	0.114592
-0 	-7.95139e-16 	7.56304 	7.56304 	-7.95139e-16 	-0 	0.114592 	12.1467 	9.85487 	0.114592
-0 	-7.95139e-16 	7.33386 	7.33386 	-7.95139e-16 	-0 	0.114592 	11.9175 	9.62569 	0.114592
-0 	-7.95139e-16 	7.10468 	7.10468 	-7.95139e-16 	-0 	0.114592 	11.6883 	9.39651 	0.114592
-0 	-7.95139e-16 	6.87549 	6.87549 	-7.95139e-16 	-0 	0.114592 	11.4592 	9.16732 	0.114592
-0 	-7.95139e-16 	6.64631 	6.64631 	-7.95139e-16 	-0 	0.114592 	11.23 	8.93814 	0.114592
-0 	-7.95139e-16 	6.41713 	6.41713 	-7.95139e-16 	-0 	0.114592 	11.0008 	8.70896 	0.114592
-0 	-7.95139e-16 	6.18794 	6.18794 	-7.95139e-16 	-0 	0.114592 	10.7716 	8.47978 	0.114592
-0 	-7.95139e-16 	5.95876 	5.95876 	-7.95139e-16 	-0 	0.114592 	10.5424 	8.25059 	0.114592
-0 	-7.95139e-16 	5.72958 	5.72958 	-7.95139e-16 	-0 	0.114592 	10.3132 	8.02141 	0.114592
-0 	-7.95139e-16 	5.50039 	5.50039 	-7.95139e-16 	-0 	0.114592 	10.0841 	7.79223 	0.114592
-0 	-7.95139e-16 	5.27121 	5.27121 	-7.95139e-16 	-0 	0.114592 	9.85487 	7.56304 	0.114592
-0 	-7.95139e-16 	5.04203 	5.04203 	-7.95139e-16 	-0 	0.114592 	9.62569 	7.33386 	0.114592
-0 	-7.95139e-16 	4.81285 	4.81285 	-7.95139e-16 	-0 	0.114592 	9.39651 	7.10468 	0.114592
-0 	-7.95139e-16 	4.58366 	4.58366 	-7.95139e-16 	-0 	0.114592 	9.16732 	6.87549 	0.114592
-0 	-7.95139e-16 	4.35448 	4.35448 	-7.95139e-16 	-0 	0.114592 	8.93814 	6.64631 	0.114592
-0 	-7.95139e-16 	4.1253 	4.1253 	-7.95139e-16 	-0 	0.114592 	8.70896 	6.41713 	0.114592
-0 	-7.95139e-16 	3.89611 	3.89611 	-7.95139e-16 	-0 	0.114592 	8.47978 	6.18794 	0.114592
-0 	-7.95139e-16 	3.66693 	3.66693 	-7.95139e-16 	-0 	0.114592 	8.25059 	5.95876 	0.114592
-0 	-7.95139e-16 	3.43775 	3.43775 	-7.95139e-16 	-0 	0.114592 	8.02141 	5.72958 	0.114592
-0 	-7.95139e-16 	3.20856 	3.20856 	-7.95139e-16 	-0 	0.114592 	7.79223 	5.50039 	0.114592
-0 	-7.95139e-16 	2.97938 	2.97938 	-7.95139e-16 	-0 	0.114592 	7.56304 	5.27121 	0.114592
-0 	-7.95139e-16 	2.7502 	2.7502 	-7.95139e-16 	-0 	0.114592 	7.33386 	5.04203 	0.114592
-0 	-7.95139e-16 	2.52101 	2.52101 	-7.95139e-16 	-0 	0.114592 	7.10468 	4.81285 	0.114592
-0 	-7.95139e-16 	2.29183 	2.29183 	-7.95139e-16 	-0 	0.114592 	6.87549 	4.58366 	0.114592
-0 	-7.95139e-16 	2.06265 	2.06265 	-7.95139e-16 	-0 	0.114592 	6.64631 	4.35448 	0.114592
-0 	-7.95139e-16 	1.83346 	1.83346 	-7.95139e-16 	-0 	0.114592 	6.41713 	4.1253 	0.114592
-0 	-7.95139e-16 	1.60428 	1.60428 	-7.95139e-16 	-0 	0.114592 	6.18794 	3.89611 	0.114592
-0 	-7.95139e-16 	1.3751 	1.3751 	-7.95139e-16 	-0 	0.114592 	5.95876 	3.66693 	0.114592
-0 	-7.95139e-16 	1.14592 	1.14592 	-7.95139e-16 	-0 	0.114592 	5.72958 	3.43775 	0.114592
-0 	-7.95139e-16 	0.916732 	0.916732 	-7.95139e-16 	-0 	0.114592 	5.50039 	3.20856 	0.114592
-0 	-7.95139e-16 	0.687549 	0.687549 	-7.95139e-16 	-0 	0.114592 	5.27121 	2.97938 	0.114592
-0 	-7.95139e-16 	0.458366 	0.458366 	-7.95139e-16 	-0 	0.114592 	5.04203 	2.7502 	0.114592
-0 	-7.95139e-16 	0.229183 	0.229183 	-7.95139e-16 	-0 	0.114592 	4.81285 	2.52101 	0.114592
-0 	-7.95139e-16 	-1.59028e-15 	-0 	-7.95139e-16 	-0 	0.114592 	4.58366 	2.29183 	0.114592
