-0 	0 	0.229183 	0.229183 	-0 	-0 	-0 	0.229183 	0.229183 	0
-0 	0 	0.458366 	0.458366 	-0 	-0 	-0 	0.458366 	0.458366 	0
-0 	0 	0.687549 	0.687549 	-0 	-0 	-0 	0.687549 	0.687549 	0
-0 	0 	0.916732 	0.916732 	-0 	-0 	-0 	0.916732 	0.916732 	0
-0 	0 	1.14592 	1.14592 	-0 	-0 	-0 	1.14592 	1.14592 	0
-0 	0 	1.3751 	1.3751 	-0 	-0 	-0 	1.3751 	1.3751 	0
-0 	0 	1.60428 	1.60428 	-0 	-0 	-0 	1.60428 	1.60428 	0
-0 	0 	1.83346 	1.83346 	-0 	-0 	-0 	1.83346 	1.83346 	0
-0 	0 	2.06265 	2.06265 	-0 	-0 	-0 	2.06265 	2.06265 	0
-0 	0 	2.29183 	2.29183 	-0 	-0 	-0 	2.29183 	2.29183 	0
-0 	0 	2.52101 	2.52101 	-0 	-0 	-0 	2.52101 	2.52101 	0
-0 	0 	2.7502 	2.7502 	-0 	-0 	-0 	2.7502 	2.7502 	0
-0 	0 	2.97938 	2.97938 	-0 	-0 	-0 	2.97938 	2.97938 	0
-0 	0 	3.20856 	3.20856 	-0 	-0 	-0 	3.20856 	3.20856 	0
-0 	0 	3.43775 	3.43775 	-0 	-0 	-0 	3.43775 	3.43775 	0
-0 	0 	3.66693 	3.66693 	-0 	-0 	-0 	3.66693 	3.66693 	0
-0 	0 	3.89611 	3.89611 	-0 	-0 	-0 	3.89611 	3.89611 	0
-0 	0 	4.1253 	4.1253 	-0 	-0 	-0 	4.1253 	4.1253 	0
-0 	0 	4.35448 	4.35448 	-0 	-0 	-0 	4.35448 	4.35448 	0
-0 	0 	4.58366 	4.58366 	-0 	-0 	-0 	4.58366 	4.58366 	0
-0 	0 	4.81285 	4.81285 	-0 	-0 	-0 	4.81285 	4.81285 	0
-0 	0 	5.04203 	5.04203 	-0 	-0 	-0 	5.04203 	5.04203 	0
-0 	0 	5.27121 	5.27121 	-0 	-0 	-0 	5.27121 	5.27121 	0
-0 	0 	5.50039 	5.50039 	-0 	-0 	-0 	5.50039 	5.50039 	0
-0 	0 	5.72958 	5.72958 	-0 	-0 	-0 	5.72958 	5.72958 	0
-0 	0 	5.95876 	5.95876 	-0 	-0 	-0 	5.95876 	5.95876 	0
-0 	0 	6.18794 	6.18794 	-0 	-0 	-0 	6.18794 	6.18794 	0
-0 	0 	6.41713 	6.41713 	-0 	-0 	-0 	6.41713 	6.41713 	0
-0 	0 	6.64631 	6.64631 	-0 	-0 	-0 	6.64631 	6.64631 	0
-0 	0 	6.87549 	6.87549 	-0 	-0 	-0 	6.87549 	6.87549 	0
-0 	0 	7.10468 	7.10468 	-0 	-0 	-0 	7.10468 	7.10468 	0
-0 	0 	7.33386 	7.33386 	-0 	-0 	-0 	7.33386 	7.33386 	0
-0 	0 	7.56304 	7.56304 	-0 	-0 	-0 	7.56304 	7.56304 	0
-0 	0 	7.79223 	7.79223 	-0 	-0 	-0 	7.79223 	7.79223 	0
-0 	0 	8.02141 	8.02141 	-0 	-0 	-0 	8.02141 	8.02141 	0
-0 	0 	8.25059 	8.25059 	-0 	-0 	-0 	8.25059 	8.25059 	0
-0 	0 	8.47978 	8.47978 	-0 	-0 	-0 	8.47978 	8.47978 	0
-0 	0 	8.70896 	8.70896 	-0 	-0 	-0 	8.70896 	8.70896 	0
-0 	0 	8.93814 	8.93814 	-0 	-0 	-0 	8.93814 	8.93814 	0
-0 	0 	9.16732 	9.16732 	-0 	-0 	-0 	9.16732 	9.16732 	0
-0 	-0.194806 	9.16732 	9.16732 	-0.194806 	-0 	0.194806 	9.16732 	9.16732 	0.194806
-0 	-0.389611 	9.16732 	9.16732 	-0.389611 	-0 	0.389611 	9.16732 	9.16732 	0.389611
-0 	-0.584417 	9.16732 	9.16732 	-0.584417 	-0 	0.584417 	9.16732 	9.16732 	0.584417
-0 	-0.779223 	9.16732 	9.16732 	-0.779223 	-0 	0.779223 	9.16732 	9.16732 	0.779223
-0 	-0.974028 	9.16732 	9.16732 	-0.974028 	-0 	0.974028 	9.16732 	9.16732 	0.974028
-0 	-1.16883 	9.16732 	9.16732 	-1.16883 	-0 	1.16883 	9.16732 	9.16732 	1.16883
-0 	-1.36364 	9.16732 	9.16732 	-1.36364 	-0 	1.36364 	9.16732 	9.16732 	1.36364
-0 	-1.55845 	9.16732 	9.16732 	-1.55845 	-0 	1.55845 	9.16732 	9.16732 	1.55845
-0 	-1.75325 	9.16732 	9.16732 	-1.75325 	-0 	1.75325 	9.16732 	9.16732 	1.75325
-0 	-1.94806 	9.16732 	9.16732 	-1.94806 	-0 	1.94806 	9.16732 	9.16732 	1.94806
-0 	-2.14286 	9.16732 	9.16732 	-2.14286 	-0 	2.14286 	9.16732 	9.16732 	2.14286
-0 	-2.33767 	9.16732 	9.16732 	-2.33767 	-0 	2.33767 	9.16732 	9.16732 	2.33767
-0 	-2.53247 	9.16732 	9.16732 	-2.53247 	-0 	2.53247 	9.16732 	9.16732 	2.53247
-0 	-2.72728 	9.16732 	9.16732 	-2.72728 	-0 	2.72728 	9.16732 	9.16732 	2.72728
-0 	-2.92208 	9.16732 	9.16732 	-2.92208 	-0 	2.92208 	9.16732 	9.16732 	2.92208
-0 	-3.11689 	9.16732 	9.16732 	-3.11689 	-0 	3.11689 	9.16732 	9.16732 	3.11689
-0 	-3.3117 	9.16732 	9.16732 	-3.3117 	-0 	3.3117 	9.16732 	9.16732 	3.3117
-0 	-3.5065 	9.16732 	9.16732 	-3.5065 	-0 	3.5065 	9.16732 	9.16732 	3.5065
-0 	-3.70131 	9.16732 	9.16732 	-3.70131 	-0 	3.70131 	9.16732 	9.16732 	3.70131
-0 	-3.89611 	9.16732 	9.16732 	-3.89611 	-0 	3.89611 	9.16732 	9.16732 	3.89611
-0 	-4.09092 	9.16732 	9.16732 	-4.09092 	-0 	4.09092 	9.16732 	9.16732 	4.09092
-0 	-4.28572 	9.16732 	9.16732 	-4.28572 	-0 	4.28572 	9.16732 	9.16732 	4.28572
-0 	-4.48053 	9.16732 	9.16732 	-4.48053 	-0 	4.48053 	9.16732 	9.16732 	4.48053
-0 	-4.67534 	9.16732 	9.16732 	-4.67534 	-0 	4.67534 	9.16732 	9.16732 	4.67534
-0 	-4.87014 	9.16732 	9.16732 	-4.87014 	-0 	4.87014 	9.16732 	9.16732 	4.87014
-0 	-5.06495 	9.16732 	9.16732 	-5.06495 	-0 	5.06495 	9.16732 	9.16732 	5.06495
-0 	-5.25975 	9.16732 	9.16732 	-5.25975 	-0 	5.25975 	9.16732 	9.16732 	5.25975
-0 	-5.45456 	9.16732 	9.16732 	-5.45456 	-0 	5.45456 	9.16732 	9.16732 	5.45456
-0 	-5.64936 	9.16732 	9.16732 	-5.64936 	-0 	5.64936 	9.16732 	9.16732 	5.64936
-0 	-5.84417 	9.16732 	9.16732 	-5.84417 	-0 	5.84417 	9.16732 	9.16732 	5.84417
-0 	-6.03898 	9.16732 	9.16732 	-6.03898 	-0 	6.03898 	9.16732 	9.16732 	6.03898
-0 	-6.23378 	9.16732 	9.16732 	-6.23378 	-0 	6.23378 	9.16732 	9.16732 	6.23378
-0 	-6.42859 	9.16732 	9.16732 	-6.42859 	-0 	6.42859 	9.16732 	9.16732 	6.42859
-0 	-6.62339 	9.16732 	9.16732 	-6.62339 	-0 	6.62339 	9.16732 	9.16732 	6.62339
-0 	-6.8182 	9.16732 	9.16732 	-6.8182 	-0 	6.8182 	9.16732 	9.16732 	6.8182
-0 	-7.013 	9.16732 	9.16732 	-7.013 	-0 	7.013 	9.16732 	9.16732 	7.013
-0 	-7.20781 	9.16732 	9.16732 	-7.20781 	-0 	7.20781 	9.16732 	9.16732 	7.20781
-0 	-7.40261 	9.16732 	9.16732 	-7.40261 	-0 	7.40261 	9.16732 	9.16732 	7.40261
-0 	-7.59742 	9.16732 	9.16732 	-7.59742 	-0 	7.59742 	9.16732 	9.16732 	7.59742
-0 	-7.79223 	9.16732 	9.16732 	-7.79223 	-0 	7.79223 	9.16732 	9.16732 	7.79223
-0 	-7.98703 	9.16732 	9.16732 	-7.98703 	-0 	7.98703 	9.16732 	9.16732 	7.98703
-0 	-8.18184 	9.16732 	9.16732 	-8.18184 	-0 	8.18184 	9.16732 	9.16732 	8.18184
-0 	-8.37664 	9.16732 	9.16732 	-8.37664 	-0 	8.37664 	9.16732 	9.16732 	8.37664
-0 	-8.57145 	9.16732 	9.16732 	-8.57145 	-0 	8.57145 	9.16732 	9.16732 	8.57145
-0 	-8.76625 	9.16732 	9.16732 	-8.76625 	-0 	8.76625 	9.16732 	9.16732 	8.76625
-0 	-8.96106 	9.16732 	9.16732 	-8.96106 	-0 	8.96106 	9.16732 	9.16732 	8.96106
-0 	-9.15587 	9.16732 	9.16732 	-9.15587 	-0 	9.15587 	9.16732 	9.16732 	9.15587
-0 	-9.35067 	9.16732 	9.16732 	-9.35067 	-0 	9.35067 	9.16732 	9.16732 	9.35067
-0 	-9.54548 	9.16732 	9.16732 	-9.54548 	-0 	9.54548 	9.16732 	9.16732 	9.54548
-0 	-9.74028 	9.16732 	9.16732 	-9.74028 	-0 	9.74028 	9.16732 	9.16732 	9.74028
-0 	-9.93509 	9.16732 	9.16732 	-9.93509 	-0 	9.93509 	9.16732 	9.16732 	9.93509
-0 	-10.1299 	9.16732 	9.16732 	-10.1299 	-0 	10.1299 	9.16732 	9.16732 	10.1299
-0 	-10.3247 	9.16732 	9.16732 	-10.3247 	-0 	10.3247 	9.16732 	9.16732 	10.3247
-0 	-10.5195 	9.16732 	9.16732 	-10.5195 	-0 	10.5195 	9.16732 	9.16732 	10.5195
-0 	-10.7143 	9.16732 	9.16732 	-10.7143 	-0 	10.7143 	9.16732 	9.16732 	10.7143
-0 	-10.9091 	9.16732 	9.16732 	-10.9091 	-0 	10.9091 	9.16732 	9.16732 	10.9091
-0 	-11.1039 	9.16732 	9.16732 	-11.1039 	-0 	11.1039 	9.16732 	9.16732 	11.1039
-0 	-11.2987 	9.16732 	9.16732 	-11.2987 	-0 	11.2987 	9.16732 	9.16732 	11.2987
-0 	-11.4935 	9.16732 	9.16732 	-11.4935 	-0 	11.4935 	9.16732 	9.16732 	11.4935
-0 	-11.6883 	9.16732 	9.16732 	-11.6883 	-0 	11.6883 	9.16732 	9.16732 	11.6883
-0 	-11.8831 	9.16732 	9.16732 	-11.8831 	-0 	11.8831 	9.16732 	9.16732 	11.8831
-0 	-12.078 	9.16732 	9.16732 	-12.078 	-0 	12.078 	9.16732 	9.16732 	12.078
-0 	-12.2728 	9.16732 	9.16732 	-12.2728 	-0 	12.2728 	9.16732 	9.16732 	12.2728
-0 	-12.4676 	9.16732 	9.16732 	-12.4676 	-0 	12.4676 	9.16732 	9.16732 	12.4676
-0 	-12.6624 	9.16732 	9.16732 	-12.6624 	-0 	12.6624 	9.16732 	9.16732 	12.6624
-0 	-12.8572 	9.16732 	9.16732 	-12.8572 	-0 	12.8572 	9.16732 	9.16732 	12.8572
-0 	-13.052 	9.16732 	9.16732 	-13.052 	-0 	13.052 	9.16732 	9.16732 	13.052
-0 	-13.2468 	9.16732 	9.16732 	-13.2468 	-0 	13.2468 	9.16732 	9.16732 	13.2468
-0 	-13.4416 	9.16732 	9.16732 	-13.4416 	-0 	13.4416 	9.16732 	9.16732 	13.4416
-0 	-13.6364 	9.16732 	9.16732 	-13.6364 	-0 	13.6364 	9.16732 	9.16732 	13.6364
-0 	-13.8312 	9.16732 	9.16732 	-13.8312 	-0 	13.8312 	9.16732 	9.16732 	13.8312
-0 	-14.026 	9.16732 	9.16732 	-14.026 	-0 	14.026 	9.16732 	9.16732 	14.026
-0 	-14.2208 	9.16732 	9.16732 	-14.2208 	-0 	14.2208 	9.16732 	9.16732 	14.2208
-0 	-14.4156 	9.16732 	9.16732 	-14.4156 	-0 	14.4156 	9.16732 	9.16732 	14.4156
-0 	-14.6104 	9.16732 	9.16732 	-14.6104 	-0 	14.6104 	9.16732 	9.16732 	14.6104
-0 	-14.8052 	9.16732 	9.16732 	-14.8052 	-0 	14.8052 	9.16732 	9.16732 	14.8052
-0 	-15 	9.16732 	9.16732 	-15 	-0 	15 	9.16732 	9.16732 	15
-0 	-15.1948 	9.16732 	9.16732 	-15.1948 	-0 	15.1948 	9.16732 	9.16732 	15.1948
-0 	-15.3896 	9.16732 	9.16732 	-15.3896 	-0 	15.3896 	9.16732 	9.16732 	15.3896
-0 	-15.5845 	9.16732 	9.16732 	-15.5845 	-0 	15.5845 	9.16732 	9.16732 	15.5845
-0 	-15.7793 	9.16732 	9.16732 	-15.7793 	-0 	15.7793 	9.16732 	9.16732 	15.7793
-0 	-15.9741 	9.16732 	9.16732 	-15.9741 	-0 	15.9741 	9.16732 	9.16732 	15.9741
-0 	-16.1689 	9.16732 	9.16732 	-16.1689 	-0 	16.1689 	9.16732 	9.16732 	16.1689
-0 	-16.3637 	9.16732 	9.16732 	-16.3637 	-0 	16.3637 	9.16732 	9.16732 	16.3637
-0 	-16.5585 	9.16732 	9.16732 	-16.5585 	-0 	16.5585 	9.16732 	9.16732 	16.5585
-0 	-16.7533 	9.16732 	9.16732 	-16.7533 	-0 	16.7533 	9.16732 	9.16732 	16.7533
-0 	-16.9481 	9.16732 	9.16732 	-16.9481 	-0 	16.9481 	9.16732 	9.16732 	16.9481
-0 	-17.1429 	9.16732 	9.16732 	-17.1429 	-0 	17.1429 	9.16732 	9.16732 	17.1429
-0 	-17.3377 	9.16732 	9.16732 	-17.3377 	-0 	17.3377 	9.16732 	9.16732 	17.3377
-0 	-17.5325 	9.16732 	9.16732 	-17.5325 	-0 	17.5325 	9.16732 	9.16732 	17.5325
-0 	-17.7273 	9.16732 	9.16732 	-17.7273 	-0 	17.7273 	9.16732 	9.16732 	17.7273
-0 	-17.9221 	9.16732 	9.16732 	-17.9221 	-0 	17.9221 	9.16732 	9.16732 	17.9221
-0 	-18.1169 	9.16732 	9.16732 	-18.1169 	-0 	18.1169 	9.16732 	9.16732 	18.1169
-0 	-18.3117 	9.16732 	9.16732 	-18.3117 	-0 	18.3117 	9.16732 	9.16732 	18.3117
-0 	-18.5065 	9.16732 	9.16732 	-18.5065 	-0 	18.5065 	9.16732 	9.16732 	18.5065
-0 	-18.7013 	9.16732 	9.16732 	-18.7013 	-0 	18.7013 	9.16732 	9.16732 	18.7013
-0 	-18.8961 	9.16732 	9.16732 	-18.8961 	-0 	18.8961 	9.16732 	9.16732 	18.8961
-0 	-19.091 	9.16732 	9.16732 	-19.091 	-0 	19.091 	9.16732 	9.16732 	19.091
-0 	-19.2858 	9.16732 	9.16732 	-19.2858 	-0 	19.2858 	9.16732 	9.16732 	19.2858
-0 	-19.4806 	9.16732 	9.16732 	-19.4806 	-0 	19.4806 	9.16732 	9.16732 	19.4806
-0 	-19.4806 	9.16732 	9.16732 	-19.4806 	-0 	19.4806 	9.39651 	9.28192 	19.4806
-0 	-19.4806 	9.16732 	9.16732 	-19.4806 	-0 	19.4806 	9.62569 	9.39651 	19.4806
-0 	-19.4806 	9.16732 	9.16732 	-19.4806 	-0 	19.4806 	9.85487 	9.5111 	19.4806
-0 	-19.4806 	9.16732 	9.16732 	-19.4806 	-0 	19.4806 	10.0841 	9.62569 	19.4806
-0 	-19.4806 	9.16732 	9.16732 	-19.4806 	-0 	19.4806 	10.3132 	9.74028 	19.4806
-0 	-19.4806 	9.16732 	9.16732 	-19.4806 	-0 	19.4806 	10.5424 	9.85487 	19.4806
-0 	-19.4806 	9.16732 	9.16732 	-19.4806 	-0 	19.4806 	10.7716 	9.96947 	19.4806
-0 	-19.4806 	9.16732 	9.16732 	-19.4806 	-0 	19.4806 	11.0008 	10.0841 	19.4806
-0 	-19.4806 	9.16732 	9.16732 	-19.4806 	-0 	19.4806 	11.23 	10.1986 	19.4806
-0 	-19.4806 	9.16732 	9.16732 	-19.4806 	-0 	19.4806 	11.4592 	10.3132 	19.4806
-0 	-19.4806 	9.16732 	9.16732 	-19.4806 	-0 	19.4806 	11.6883 	10.4278 	19.4806
-0 	-19.4806 	9.16732 	9.16732 	-19.4806 	-0 	19.4806 	11.9175 	10.5424 	19.4806
-0 	-19.4806 	9.16732 	9.16732 	-19.4806 	-0 	19.4806 	12.1467 	10.657 	19.4806
-0 	-19.4806 	9.16732 	9.16732 	-19.4806 	-0 	19.4806 	12.3759 	10.7716 	19.4806
-0 	-19.4806 	9.16732 	9.16732 	-19.4806 	-0 	19.4806 	12.6051 	10.8862 	19.4806
-0 	-19.4806 	9.16732 	9.16732 	-19.4806 	-0 	19.4806 	12.8343 	11.0008 	19.4806
-0 	-19.4806 	9.16732 	9.16732 	-19.4806 	-0 	19.4806 	13.0634 	11.1154 	19.4806
-0 	-19.4806 	9.16732 	9.16732 	-19.4806 	-0 	19.4806 	13.2926 	11.23 	19.4806
-0 	-19.4806 	9.16732 	9.16732 	-19.4806 	-0 	19.4806 	13.5218 	11.3446 	19.4806
-0 	-19.4806 	9.16732 	9.16732 	-19.4806 	-0 	19.4806 	13.751 	11.4592 	19.4806
-0 	-19.4806 	9.16732 	9.16732 	-19.4806 	-0 	19.4806 	13.9802 	11.5737 	19.4806
-0 	-19.4806 	9.16732 	9.16732 	-19.4806 	-0 	19.4806 	14.2094 	11.6883 	19.4806
-0 	-19.4806 	9.16732 	9.16732 	-19.4806 	-0 	19.4806 	14.4385 	11.8029 	19.4806
-0 	-19.4806 	9.16732 	9.16732 	-19.4806 	-0 	19.4806 	14.6677 	11.9175 	19.4806
-0 	-19.4806 	9.16732 	9.16732 	-19.4806 	-0 	19.4806 	14.8969 	12.0321 	19.4806
-0 	-19.4806 	9.16732 	9.16732 	-19.4806 	-0 	19.4806 	15.1261 	12.1467 	19.4806
-0 	-19.4806 	9.16732 	9.16732 	-19.4806 	-0 	19.4806 	15.3553 	12.2613 	19.4806
-0 	-19.4806 	9.16732 	9.16732 	-19.4806 	-0 	19.4806 	15.5845 	12.3759 	19.4806
-0 	-19.4806 	9.16732 	9.16732 	-19.4806 	-0 	19.4806 	15.8136 	12.4905 	19.4806
-0 	-19.4806 	9.16732 	9.16732 	-19.4806 	-0 	19.4806 	16.0428 	12.6051 	19.4806
-0 	-19.4806 	9.16732 	9.16732 	-19.4806 	-0 	19.4806 	16.272 	12.7197 	19.4806
-0 	-19.4806 	9.16732 	9.16732 	-19.4806 	-0 	19.4806 	16.5012 	12.8343 	19.4806
-0 	-19.4806 	9.16732 	9.16732 	-19.4806 	-0 	19.4806 	16.7304 	12.9488 	19.4806
-0 	-19.4806 	9.16732 	9.16732 	-19.4806 	-0 	19.4806 	16.9596 	13.0634 	19.4806
-0 	-19.4806 	9.16732 	9.16732 	-19.4806 	-0 	19.4806 	17.1887 	13.178 	19.4806
-0 	-19.4806 	9.16732 	9.16732 	-19.4806 	-0 	19.4806 	17.4179 	13.2926 	19.4806
-0 	-19.4806 	9.16732 	9.16732 	-19.4806 	-0 	19.4806 	17.6471 	13.4072 	19.4806
-0 	-19.4806 	9.16732 	9.16732 	-19.4806 	-0 	19.4806 	17.8763 	13.5218 	19.4806
-0 	-19.4806 	9.16732 	9.16732 	-19.4806 	-0 	19.4806 	18.1055 	13.6364 	19.4806
-0 	-19.4806 	9.16732 	9.16732 	-19.4806 	-0 	19.4806 	18.3346 	13.751 	19.4806
-0 	-19.4806 	9.22462 	9.16732 	-19.4806 	-0 	19.4806 	18.793 	13.751 	19.4806
-0 	-19.4806 	9.28192 	9.16732 	-19.4806 	-0 	19.4806 	19.2514 	13.751 	19.4806
-0 	-19.4806 	9.33921 	9.16732 	-19.4806 	-0 	19.4806 	19.7097 	13.751 	19.4806
-0 	-19.4806 	9.39651 	9.16732 	-19.4806 	-0 	19.4806 	20.1681 	13.751 	19.4806
-0 	-19.4806 	9.4538 	9.16732 	-19.4806 	-0 	19.4806 	20.6265 	13.751 	19.4806
-0 	-19.4806 	9.5111 	9.16732 	-19.4806 	-0 	19.4806 	21.0848 	13.751 	19.4806
-0 	-19.4806 	9.5684 	9.16732 	-19.4806 	-0 	19.4806 	21.5432 	13.751 	19.4806
-0 	-19.4806 	9.62569 	9.16732 	-19.4806 	-0 	19.4806 	22.0016 	13.751 	19.4806
-0 	-19.4806 	9.68299 	9.16732 	-19.4806 	-0 	19.4806 	22.4599 	13.751 	19.4806
-0 	-19.4806 	9.74028 	9.16732 	-19.4806 	-0 	19.4806 	22.9183 	13.751 	19.4806
-0 	-19.4806 	9.79758 	9.16732 	-19.4806 	-0 	19.4806 	23.3767 	13.751 	19.4806
-0 	-19.4806 	9.85487 	9.16732 	-19.4806 	-0 	19.4806 	23.835 	13.751 	19.4806
-0 	-19.4806 	9.91217 	9.16732 	-19.4806 	-0 	19.4806 	24.2934 	13.751 	19.4806
-0 	-19.4806 	9.96947 	9.16732 	-19.4806 	-0 	19.4806 	24.7518 	13.751 	19.4806
-0 	-19.4806 	10.0268 	9.16732 	-19.4806 	-0 	19.4806 	25.2101 	13.751 	19.4806
-0 	-19.4806 	10.0841 	9.16732 	-19.4806 	-0 	19.4806 	25.6685 	13.751 	19.4806
-0 	-19.4806 	10.1414 	9.16732 	-19.4806 	-0 	19.4806 	26.1269 	13.751 	19.4806
-0 	-19.4806 	10.1986 	9.16732 	-19.4806 	-0 	19.4806 	26.5852 	13.751 	19.4806
-0 	-19.4806 	10.2559 	9.16732 	-19.4806 	-0 	19.4806 	27.0436 	13.751 	19.4806
-0 	-19.4806 	10.3132 	9.16732 	-19.4806 	-0 	19.4806 	27.502 	13.751 	19.4806
-0 	-19.4806 	10.3705 	9.16732 	-19.4806 	-0 	19.4806 	27.9603 	13.751 	19.4806
-0 	-19.4806 	10.4278 	9.16732 	-19.4806 	-0 	19.4806 	28.4187 	13.751 	19.4806
-0 	-19.4806 	10.4851 	9.16732 	-19.4806 	-0 	19.4806 	28.8771 	13.751 	19.4806
-0 	-19.4806 	10.5424 	9.16732 	-19.4806 	-0 	19.4806 	29.3354 	13.751 	19.4806
-0 	-19.4806 	10.5997 	9.16732 	-19.4806 	-0 	19.4806 	29.7938 	13.751 	19.4806
-0 	-19.4806 	10.657 	9.16732 	-19.4806 	-0 	19.4806 	30.2522 	13.751 	19.4806
-0 	-19.4806 	10.7143 	9.16732 	-19.4806 	-0 	19.4806 	30.7105 	13.751 	19.4806
-0 	-19.4806 	10.7716 	9.16732 	-19.4806 	-0 	19.4806 	31.1689 	13.751 	19.4806
-0 	-19.4806 	10.8289 	9.16732 	-19.4806 	-0 	19.4806 	31.6273 	13.751 	19.4806
-0 	-19.4806 	10.8862 	9.16732 	-19.4806 	-0 	19.4806 	32.0856 	13.751 	19.4806
-0 	-19.4806 	10.9435 	9.16732 	-19.4806 	-0 	19.4806 	32.544 	13.751 	19.4806
-0 	-19.4806 	11.0008 	9.16732 	-19.4806 	-0 	19.4806 	33.0024 	13.751 	19.4806
-0 	-19.4806 	11.0581 	9.16732 	-19.4806 	-0 	19.4806 	33.4607 	13.751 	19.4806
-0 	-19.4806 	11.1154 	9.16732 	-19.4806 	-0 	19.4806 	33.9191 	13.751 	19.4806
-0 	-19.4806 	11.1727 	9.16732 	-19.4806 	-0 	19.4806 	34.3775 	13.751 	19.4806
-0 	-19.4806 	11.23 	9.16732 	-19.4806 	-0 	19.4806 	34.8358 	13.751 	19.4806
-0 	-19.4806 	11.2873 	9.16732 	-19.4806 	-0 	19.4806 	35.2942 	13.751 	19.4806
-0 	-19.4806 	11.3446 	9.16732 	-19.4806 	-0 	19.4806 	35.7526 	13.751 	19.4806
-0 	-19.4806 	11.4019 	9.16732 	-19.4806 	-0 	19.4806 	36.2109 	13.751 	19.4806
-0 	-19.4806 	11.4592 	9.16732 	-19.4806 	-0 	19.4806 	36.6693 	13.751 	19.4806
-0 	-19.4806 	11.5165 	9.16732 	-19.4806 	-0 	19.4806 	37.1277 	13.751 	19.4806
-0 	-19.4806 	11.5737 	9.16732 	-19.4806 	-0 	19.4806 	37.586 	13.751 	19.4806
-0 	-19.4806 	11.631 	9.16732 	-19.4806 	-0 	19.4806 	38.0444 	13.751 	19.4806
-0 	-19.4806 	11.6883 	9.16732 	-19.4806 	-0 	19.4806 	38.5028 	13.751 	19.4806
-0 	-19.4806 	11.7456 	9.16732 	-19.4806 	-0 	19.4806 	38.9611 	13.751 	19.4806
-0 	-19.4806 	11.8029 	9.16732 	-19.4806 	-0 	19.4806 	39.4195 	13.751 	19.4806
-0 	-19.4806 	11.8602 	9.16732 	-19.4806 	-0 	19.4806 	39.8779 	13.751 	19.4806
-0 	-19.4806 	11.9175 	9.16732 	-19.4806 	-0 	19.4806 	40.3362 	13.751 	19.4806
-0 	-19.4806 	11.9748 	9.16732 	-19.4806 	-0 	19.4806 	40.7946 	13.751 	19.4806
-0 	-19.4806 	12.0321 	9.16732 	-19.4806 	-0 	19.4806 	41.253 	13.751 	19.4806
-0 	-19.4806 	12.0894 	9.16732 	-19.4806 	-0 	19.4806 	41.7113 	13.751 	19.4806
-0 	-19.4806 	12.1467 	9.16732 	-19.4806 	-0 	19.4806 	42.1697 	13.751 	19.4806
-0 	-19.4806 	12.204 	9.16732 	-19.4806 	-0 	19.4806 	42.6281 	13.751 	19.4806
-0 	-19.4806 	12.2613 	9.16732 	-19.4806 	-0 	19.4806 	43.0864 	13.751 	19.4806
-0 	-19.4806 	12.3186 	9.16732 	-19.4806 	-0 	19.4806 	43.5448 	13.751 	19.4806
-0 	-19.4806 	12.3759 	9.16732 	-19.4806 	-0 	19.4806 	44.0032 	13.751 	19.4806
-0 	-19.4806 	12.4332 	9.16732 	-19.4806 	-0 	19.4806 	44.4615 	13.751 	19.4806
-0 	-19.4806 	12.4905 	9.16732 	-19.4806 	-0 	19.4806 	44.9199 	13.751 	19.4806
-0 	-19.4806 	12.5478 	9.16732 	-19.4806 	-0 	19.4806 	45.3783 	13.751 	19.4806
-0 	-19.4806 	12.6051 	9.16732 	-19.4806 	-0 	19.4806 	45.8366 	13.751 	19.4806
-0 	-19.4806 	12.6624 	9.16732 	-19.4806 	-0 	19.4806 	46.295 	13.751 	19.4806
-0 	-19.4806 	12.7197 	9.16732 	-19.4806 	-0 	19.4806 	46.7534 	13.751 	19.4806
-0 	-19.4806 	12.777 	9.16732 	-19.4806 	-0 	19.4806 	47.2117 	13.751 	19.4806
-0 	-19.4806 	12.8343 	9.16732 	-19.4806 	-0 	19.4806 	47.6701 	13.751 	19.4806
-0 	-19.4806 	12.8916 	9.16732 	-19.4806 	-0 	19.4806 	48.1285 	13.751 	19.4806
-0 	-19.4806 	12.9488 	9.16732 	-19.4806 	-0 	19.4806 	48.5868 	13.751 	19.4806
-0 	-19.4806 	13.0061 	9.16732 	-19.4806 	-0 	19.4806 	49.0452 	13.751 	19.4806
-0 	-19.4806 	13.0634 	9.16732 	-19.4806 	-0 	19.4806 	49.5036 	13.751 	19.4806
-0 	-19.4806 	13.1207 	9.16732 	-19.4806 	-0 	19.4806 	49.9619 	13.751 	19.4806
-0 	-19.4806 	13.178 	9.16732 	-19.4806 	-0 	19.4806 	50.4203 	13.751 	19.4806
-0 	-19.4806 	13.2353 	9.16732 	-19.4806 	-0 	19.4806 	50.8787 	13.751 	19.4806
-0 	-19.4806 	13.2926 	9.16732 	-19.4806 	-0 	19.4806 	51.337 	13.751 	19.4806
-0 	-19.4806 	13.3499 	9.16732 	-19.4806 	-0 	19.4806 	51.7954 	13.751 	19.4806
-0 	-19.4806 	13.4072 	9.16732 	-19.4806 	-0 	19.4806 	52.2538 	13.751 	19.4806
-0 	-19.4806 	13.4645 	9.16732 	-19.4806 	-0 	19.4806 	52.7121 	13.751 	19.4806
-0 	-19.4806 	13.5218 	9.16732 	-19.4806 	-0 	19.4806 	53.1705 	13.751 	19.4806
-0 	-19.4806 	13.5791 	9.16732 	-19.4806 	-0 	19.4806 	53.6288 	13.751 	19.4806
-0 	-19.4806 	13.6364 	9.16732 	-19.4806 	-0 	19.4806 	54.0872 	13.751 	19.4806
-0 	-19.4806 	13.6937 	9.16732 	-19.4806 	-0 	19.4806 	54.5456 	13.751 	19.4806
-0 	-19.4806 	13.751 	9.16732 	-19.4806 	-0 	19.4806 	55.0039 	13.751 	19.4806
-0 	-19.4806 	14.0948 	9.16732 	-19.4806 	-0 	19.4806 	55.0039 	8.47978 	19.4806
-0 	-19.4806 	14.4385 	9.16732 	-19.4806 	-0 	19.4806 	55.0039 	3.20856 	19.4806
-0 	-19.4806 	14.7823 	9.16732 	-19.4806 	-0 	19.4806 	55.0039 	-2.06265 	19.4806
-0 	-19.4806 	15.1261 	9.16732 	-19.4806 	-0 	19.4806 	55.0039 	-7.33386 	19.4806
-0 	-19.4806 	15.4699 	9.16732 	-19.4806 	-0 	19.4806 	55.0039 	-12.6051 	19.4806
-0 	-19.4806 	15.8136 	9.16732 	-19.4806 	-0 	19.4806 	55.0039 	-17.8763 	19.4806
-0 	-19.4806 	16.1574 	9.16732 	-19.4806 	-0 	19.4806 	55.0039 	-23.1475 	19.4806
-0 	-19.4806 	16.5012 	9.16732 	-19.4806 	-0 	19.4806 	55.0039 	-28.4187 	19.4806
-0 	-19.4806 	16.845 	9.16732 	-19.4806 	-0 	19.4806 	55.0039 	-33.6899 	19.4806
-0 	-19.4806 	17.1887 	9.16732 	-19.4806 	-0 	19.4806 	55.0039 	-38.9611 	19.4806
-0 	-19.4806 	16.845 	9.16732 	-19.4806 	-0 	19.4806 	55.0039 	-37.6433 	19.4806
-0 	-19.4806 	16.5012 	9.16732 	-19.4806 	-0 	19.4806 	55.0039 	-36.3255 	19.4806
-0 	-19.4806 	16.1574 	9.16732 	-19.4806 	-0 	19.4806 	55.0039 	-35.0077 	19.4806
-0 	-19.4806 	15.8136 	9.16732 	-19.4806 	-0 	19.4806 	55.0039 	-33.6899 	19.4806
-0 	-19.4806 	15.4699 	9.16732 	-19.4806 	-0 	19.4806 	55.0039 	-32.3721 	19.4806
-0 	-19.4806 	15.1261 	9.16732 	-19.4806 	-0 	19.4806 	55.0039 	-31.0543 	19.4806
-0 	-19.4806 	14.7823 	9.16732 	-19.4806 	-0 	19.4806 	55.0039 	-29.7365 	19.4806
-0 	-19.4806 	14.4385 	9.16732 	-19.4806 	-0 	19.4806 	55.0039 	-28.4187 	19.4806
-0 	-19.4806 	14.0948 	9.16732 	-19.4806 	-0 	19.4806 	55.0039 	-27.1009 	19.4806
-0 	-19.4806 	13.751 	9.16732 	-19.4806 	-0 	19.4806 	55.0039 	-25.7831 	19.4806
-0 	-19.4806 	13.751 	9.16732 	-19.4806 	-0 	19.4806 	55.0039 	-24.4653 	19.4806
-0 	-19.4806 	13.751 	9.16732 	-19.4806 	-0 	19.4806 	55.0039 	-23.1475 	19.4806
-0 	-19.4806 	13.751 	9.16732 	-19.4806 	-0 	19.4806 	55.0039 	-21.8297 	19.4806
-0 	-19.4806 	13.751 	9.16732 	-19.4806 	-0 	19.4806 	55.0039 	-20.5119 	19.4806
-0 	-19.4806 	13.751 	9.16732 	-19.4806 	-0 	19.4806 	55.0039 	-19.1941 	19.4806
-0 	-19.4806 	13.751 	9.16732 	-19.4806 	-0 	19.4806 	55.0039 	-17.8763 	19.4806
-0 	-19.4806 	13.751 	9.16732 	-19.4806 	-0 	19.4806 	55.0039 	-16.5585 	19.4806
-0 	-19.4806 	13.751 	9.16732 	-19.4806 	-0 	19.4806 	55.0039 	-15.2407 	19.4806
-0 	-19.4806 	13.751 	9.16732 	-19.4806 	-0 	19.4806 	55.0039 	-13.9229 	19.4806
-0 	-19.4806 	13.751 	9.16732 	-19.4806 	-0 	19.4806 	55.0039 	-12.6051 	19.4806
-0 	-19.4806 	13.751 	9.16732 	-19.4806 	-0 	19.4806 	55.0039 	-11.2873 	19.4806
-0 	-19.4806 	13.751 	9.16732 	-19.4806 	-0 	19.4806 	55.0039 	-9.96947 	19.4806
-0 	-19.4806 	13.751 	9.16732 	-19.4806 	-0 	19.4806 	55.0039 	-8.65166 	19.4806
-0 	-19.4806 	13.751 	9.16732 	-19.4806 	-0 	19.4806 	55.0039 	-7.33386 	19.4806
-0 	-19.4806 	13.751 	9.16732 	-19.4806 	-0 	19.4806 	55.0039 	-6.01606 	19.4806
-0 	-19.4806 	13.751 	9.16732 	-19.4806 	-0 	19.4806 	55.0039 	-4.69825 	19.4806
-0 	-19.4806 	13.751 	9.16732 	-19.4806 	-0 	19.4806 	55.0039 	-3.38045 	19.4806
-0 	-19.4806 	13.751 	9.16732 	-19.4806 	-0 	19.4806 	55.0039 	-2.06265 	19.4806
-0 	-19.4806 	13.751 	9.16732 	-19.4806 	-0 	19.4806 	55.0039 	-0.744845 	19.4806
-0 	-19.4806 	13.751 	9.16732 	-19.4806 	-0 	19.4806 	55.0039 	0.572958 	19.4806
-0 	-19.4806 	13.751 	9.16732 	-19.4806 	-0 	19.4806 	55.0039 	1.89076 	19.4806
-0 	-19.4806 	13.751 	9.16732 	-19.4806 	-0 	19.4806 	55.0039 	3.20856 	19.4806
-0 	-19.4806 	13.751 	9.16732 	-19.4806 	-0 	19.4806 	55.0039 	4.52637 	19.4806
-0 	-19.4806 	13.751 	9.16732 	-19.4806 	-0 	19.4806 	55.0039 	5.84417 	19.4806
-0 	-19.4806 	13.751 	9.16732 	-19.4806 	-0 	19.4806 	55.0039 	7.16197 	19.4806
-0 	-19.4806 	13.751 	9.16732 	-19.4806 	-0 	19.4806 	55.0039 	8.47978 	19.4806
-0 	-19.4806 	13.751 	9.16732 	-19.4806 	-0 	19.4806 	55.0039 	9.79758 	19.4806
-0 	-19.4806 	13.751 	9.16732 	-19.4806 	-0 	19.4806 	55.0039 	11.1154 	19.4806
-0 	-19.4806 	13.751 	9.16732 	-19.4806 	-0 	19.4806 	55.0039 	12.4332 	19.4806
-0 	-19.4806 	13.751 	9.16732 	-19.4806 	-0 	19.4806 	55.0039 	13.751 	19.4806
-0 	-19.4806 	13.6937 	9.16732 	-19.4806 	-0 	19.4806 	54.5456 	13.751 	19.4806
-0 	-19.4806 	13.6364 	9.16732 	-19.4806 	-0 	19.4806 	54.0872 	13.751 	19.4806
-0 	-19.4806 	13.5791 	9.16732 	-19.4806 	-0 	19.4806 	53.6288 	13.751 	19.4806
-0 	-19.4806 	13.5218 	9.16732 	-19.4806 	-0 	19.4806 	53.1705 	13.751 	19.4806
-0 	-19.4806 	13.4645 	9.16732 	-19.4806 	-0 	19.4806 	52.7121 	13.751 	19.4806
-0 	-19.4806 	13.4072 	9.16732 	-19.4806 	-0 	19.4806 	52.2538 	13.751 	19.4806
-0 	-19.4806 	13.3499 	9.16732 	-19.4806 	-0 	19.4806 	51.7954 	13.751 	19.4806
-0 	-19.4806 	13.2926 	9.16732 	-19.4806 	-0 	19.4806 	51.337 	13.751 	19.4806
-0 	-19.4806 	13.2353 	9.16732 	-19.4806 	-0 	19.4806 	50.8787 	13.751 	19.4806
-0 	-19.4806 	13.178 	9.16732 	-19.4806 	-0 	19.4806 	50.4203 	13.751 	19.4806
-0 	-19.4806 	13.1207 	9.16732 	-19.4806 	-0 	19.4806 	49.9619 	13.751 	19.4806
-0 	-19.4806 	13.0634 	9.16732 	-19.4806 	-0 	19.4806 	49.5036 	13.751 	19.4806
-0 	-19.4806 	13.0061 	9.16732 	-19.4806 	-0 	19.4806 	49.0452 	13.751 	19.4806
-0 	-19.4806 	12.9488 	9.16732 	-19.4806 	-0 	19.4806 	48.5868 	13.751 	19.4806
-0 	-19.4806 	12.8916 	9.16732 	-19.4806 	-0 	19.4806 	48.1285 	13.751 	19.4806
-0 	-19.4806 	12.8343 	9.16732 	-19.4806 	-0 	19.4806 	47.6701 	13.751 	19.4806
-0 	-19.4806 	12.777 	9.16732 	-19.4806 	-0 	19.4806 	47.2117 	13.751 	19.4806
-0 	-19.4806 	12.7197 	9.16732 	-19.4806 	-0 	19.4806 	46.7534 	13.751 	19.4806
-0 	-19.4806 	12.6624 	9.16732 	-19.4806 	-0 	19.4806 	46.295 	13.751 	19.4806
-0 	-19.4806 	12.6051 	9.16732 	-19.4806 	-0 	19.4806 	45.8366 	13.751 	19.4806
-0 	-19.4806 	12.5478 	9.16732 	-19.4806 	-0 	19.4806 	45.3783 	13.751 	19.4806
-0 	-19.4806 	12.4905 	9.16732 	-19.4806 	-0 	19.4806 	44.9199 	13.751 	19.4806
-0 	-19.4806 	12.4332 	9.16732 	-19.4806 	-0 	19.4806 	44.4615 	13.751 	19.4806
-0 	-19.4806 	12.3759 	9.16732 	-19.4806 	-0 	19.4806 	44.0032 	13.751 	19.4806
-0 	-19.4806 	12.3186 	9.16732 	-19.4806 	-0 	19.4806 	43.5448 	13.751 	19.4806
-0 	-19.4806 	12.2613 	9.16732 	-19.4806 	-0 	19.4806 	43.0864 	13.751 	19.4806
-0 	-19.4806 	12.204 	9.16732 	-19.4806 	-0 	19.4806 	42.6281 	13.751 	19.4806
-0 	-19.4806 	12.1467 	9.16732 	-19.4806 	-0 	19.4806 	42.1697 	13.751 	19.4806
-0 	-19.4806 	12.0894 	9.16732 	-19.4806 	-0 	19.4806 	41.7113 	13.751 	19.4806
-0 	-19.4806 	12.0321 	9.16732 	-19.4806 	-0 	19.4806 	41.253 	13.751 	19.4806
-0 	-19.4806 	11.9748 	9.16732 	-19.4806 	-0 	19.4806 	40.7946 	13.751 	19.4806
-0 	-19.4806 	11.9175 	9.16732 	-19.4806 	-0 	19.4806 	40.3362 	13.751 	19.4806
-0 	-19.4806 	11.8602 	9.16732 	-19.4806 	-0 	19.4806 	39.8779 	13.751 	19.4806
-0 	-19.4806 	11.8029 	9.16732 	-19.4806 	-0 	19.4806 	39.4195 	13.751 	19.4806
-0 	-19.4806 	11.7456 	9.16732 	-19.4806 	-0 	19.4806 	38.9611 	13.751 	19.4806
-0 	-19.4806 	11.6883 	9.16732 	-19.4806 	-0 	19.4806 	38.5028 	13.751 	19.4806
-0 	-19.4806 	11.631 	9.16732 	-19.4806 	-0 	19.4806 	38.0444 	13.751 	19.4806
-0 	-19.4806 	11.5737 	9.16732 	-19.4806 	-0 	19.4806 	37.586 	13.751 	19.4806
-0 	-19.4806 	11.5165 	9.16732 	-19.4806 	-0 	19.4806 	37.1277 	13.751 	19.4806
-0 	-19.4806 	11.4592 	9.16732 	-19.4806 	-0 	19.4806 	36.6693 	13.751 	19.4806
-0 	-19.4806 	11.4019 	9.16732 	-19.4806 	-0 	19.4806 	36.2109 	13.751 	19.4806
-0 	-19.4806 	11.3446 	9.16732 	-19.4806 	-0 	19.4806 	35.7526 	13.751 	19.4806
-0 	-19.4806 	11.2873 	9.16732 	-19.4806 	-0 	19.4806 	35.2942 	13.751 	19.4806
-0 	-19.4806 	11.23 	9.16732 	-19.4806 	-0 	19.4806 	34.8358 	13.751 	19.4806
-0 	-19.4806 	11.1727 	9.16732 	-19.4806 	-0 	19.4806 	34.3775 	13.751 	19.4806
-0 	-19.4806 	11.1154 	9.16732 	-19.4806 	-0 	19.4806 	33.9191 	13.751 	19.4806
-0 	-19.4806 	11.0581 	9.16732 	-19.4806 	-0 	19.4806 	33.4607 	13.751 	19.4806
-0 	-19.4806 	11.0008 	9.16732 	-19.4806 	-0 	19.4806 	33.0024 	13.751 	19.4806
-0 	-19.4806 	10.9435 	9.16732 	-19.4806 	-0 	19.4806 	32.544 	13.751 	19.4806
-0 	-19.4806 	10.8862 	9.16732 	-19.4806 	-0 	19.4806 	32.0856 	13.751 	19.4806
-0 	-19.4806 	10.8289 	9.16732 	-19.4806 	-0 	19.4806 	31.6273 	13.751 	19.4806
-0 	-19.4806 	10.7716 	9.16732 	-19.4806 	-0 	19.4806 	31.1689 	13.751 	19.4806
-0 	-19.4806 	10.7143 	9.16732 	-19.4806 	-0 	19.4806 	30.7105 	13.751 	19.4806
-0 	-19.4806 	10.657 	9.16732 	-19.4806 	-0 	19.4806 	30.2522 	13.751 	19.4806
-0 	-19.4806 	10.5997 	9.16732 	-19.4806 	-0 	19.4806 	29.7938 	13.751 	19.4806
-0 	-19.4806 	10.5424 	9.16732 	-19.4806 	-0 	19.4806 	29.3354 	13.751 	19.4806
-0 	-19.4806 	10.4851 	9.16732 	-19.4806 	-0 	19.4806 	28.8771 	13.751 	19.4806
-0 	-19.4806 	10.4278 	9.16732 	-19.4806 	-0 	19.4806 	28.4187 	13.751 	19.4806
-0 	-19.4806 	10.3705 	9.16732 	-19.4806 	-0 	19.4806 	27.9603 	13.751 	19.4806
-0 	-19.4806 	10.3132 	9.16732 	-19.4806 	-0 	19.4806 	27.502 	13.751 	19.4806
-0 	-19.4806 	10.2559 	9.16732 	-19.4806 	-0 	19.4806 	27.0436 	13.751 	19.4806
-0 	-19.4806 	10.1986 	9.16732 	-19.4806 	-0 	19.4806 	26.5852 	13.751 	19.4806
-0 	-19.4806 	10.1414 	9.16732 	-19.4806 	-0 	19.4806 	26.1269 	13.751 	19.4806
-0 	-19.4806 	10.0841 	9.16732 	-19.4806 	-0 	19.4806 	25.6685 	13.751 	19.4806
-0 	-19.4806 	10.0268 	9.16732 	-19.4806 	-0 	19.4806 	25.2101 	13.751 	19.4806
-0 	-19.4806 	9.96947 	9.16732 	-19.4806 	-0 	19.4806 	24.7518 	13.751 	19.4806
-0 	-19.4806 	9.91217 	9.16732 	-19.4806 	-0 	19.4806 	24.2934 	13.751 	19.4806
-0 	-19.4806 	9.85487 	9.16732 	-19.4806 	-0 	19.4806 	23.835 	13.751 	19.4806
-0 	-19.4806 	9.79758 	9.16732 	-19.4806 	-0 	19.4806 	23.3767 	13.751 	19.4806
-0 	-19.4806 	9.74028 	9.16732 	-19.4806 	-0 	19.4806 	22.9183 	13.751 	19.4806
-0 	-19.4806 	9.68299 	9.16732 	-19.4806 	-0 	19.4806 	22.4599 	13.751 	19.4806
-0 	-19.4806 	9.62569 	9.16732 	-19.4806 	-0 	19.4806 	22.0016 	13.751 	19.4806
-0 	-19.4806 	9.5684 	9.16732 	-19.4806 	-0 	19.4806 	21.5432 	13.751 	19.4806
-0 	-19.4806 	9.5111 	9.16732 	-19.4806 	-0 	19.4806 	21.0848 	13.751 	19.4806
-0 	-19.4806 	9.4538 	9.16732 	-19.4806 	-0 	19.4806 	20.6265 	13.751 	19.4806
-0 	-19.4806 	9.39651 	9.16732 	-19.4806 	-0 	19.4806 	20.1681 	13.751 	19.4806
-0 	-19.4806 	9.33921 	9.16732 	-19.4806 	-0 	19.4806 	19.7097 	13.751 	19.4806
-0 	-19.4806 	9.28192 	9.16732 	-19.4806 	-0 	19.4806 	19.2514 	13.751 	19.4806
-0 	-19.4806 	9.22462 	9.16732 	-19.4806 	-0 	19.4806 	18.793 	13.751 	19.4806
-0 	-19.4806 	9.16732 	9.16732 	-19.4806 	-0 	19.4806 	18.3346 	13.751 	19.4806
-0 	-19.4806 	9.16732 	9.16732 	-19.4806 	-0 	19.4806 	18.1055 	13.6364 	19.4806
-0 	-19.4806 	9.16732 	9.16732 	-19.4806 	-0 	19.4806 	17.8763 	13.5218 	19.4806
-0 	-19.4806 	9.16732 	9.16732 	-19.4806 	-0 	19.4806 	17.6471 	13.4072 	19.4806
-0 	-19.4806 	9.16732 	9.16732 	-19.4806 	-0 	19.4806 	17.4179 	13.2926 	19.4806
-0 	-19.4806 	9.16732 	9.16732 	-19.4806 	-0 	19.4806 	17.1887 	13.178 	19.4806
-0 	-19.4806 	9.16732 	9.16732 	-19.4806 	-0 	19.4806 	16.9596 	13.0634 	19.4806
-0 	-19.4806 	9.16732 	9.16732 	-19.4806 	-0 	19.4806 	16.7304 	12.9488 	19.4806
-0 	-19.4806 	9.16732 	9.16732 	-19.4806 	-0 	19.4806 	16.5012 	12.8343 	19.4806
-0 	-19.4806 	9.16732 	9.16732 	-19.4806 	-0 	19.4806 	16.272 	12.7197 	19.4806
-0 	-19.4806 	9.16732 	9.16732 	-19.4806 	-0 	19.4806 	16.0428 	12.6051 	19.4806
-0 	-19.4806 	9.16732 	9.16732 	-19.4806 	-0 	19.4806 	15.8136 	12.4905 	19.4806
-0 	-19.4806 	9.16732 	9.16732 	-19.4806 	-0 	19.4806 	15.5845 	12.3759 	19.4806
-0 	-19.4806 	9.16732 	9.16732 	-19.4806 	-0 	19.4806 	15.3553 	12.2613 	19.4806
-0 	-19.4806 	9.16732 	9.16732 	-19.4806 	-0 	19.4806 	15.1261 	12.1467 	19.4806
-0 	-19.4806 	9.16732 	9.16732 	-19.4806 	-0 	19.4806 	14.8969 	12.0321 	19.4806
-0 	-19.4806 	9.16732 	9.16732 	-19.4806 	-0 	19.4806 	14.6677 	11.9175 	19.4806
-0 	-19.4806 	9.16732 	9.16732 	-19.4806 	-0 	19.4806 	14.4385 	11.8029 	19.4806
-0 	-19.4806 	9.16732 	9.16732 	-19.4806 	-0 	19.4806 	14.2094 	11.6883 	19.4806
-0 	-19.4806 	9.16732 	9.16732 	-19.4806 	-0 	19.4806 	13.9802 	11.5737 	19.4806
-0 	-19.4806 	9.16732 	9.16732 	-19.4806 	-0 	19.4806 	13.751 	11.4592 	19.4806
-0 	-19.2858 	9.16732 	9.16732 	-19.2858 	-0 	19.2858 	13.751 	11.4592 	19.2858
-0 	-19.091 	9.16732 	9.16732 	-19.091 	-0 	19.091 	13.751 	11.4592 	19.091
-0 	-18.8961 	9.16732 	9.16732 	-18.8961 	-0 	18.8961 	13.751 	11.4592 	18.8961
-0 	-18.7013 	9.16732 	9.16732 	-18.7013 	-0 	18.7013 	13.751 	11.4592 	18.7013
-0 	-18.5065 	9.16732 	9.16732 	-18.5065 	-0 	18.5065 	13.751 	11.4592 	18.5065
-0 	-18.3117 	9.16732 	9.16732 	-18.3117 	-0 	18.3117 	13.751 	11.4592 	18.3117
-0 	-18.1169 	9.16732 	9.16732 	-18.1169 	-0 	18.1169 	13.751 	11.4592 	18.1169
-0 	-17.9221 	9.16732 	9.16732 	-17.9221 	-0 	17.9221 	13.751 	11.4592 	17.9221
-0 	-17.7273 	9.16732 	9.16732 	-17.7273 	-0 	17.7273 	13.751 	11.4592 	17.7273
-0 	-17.5325 	9.16732 	9.16732 	-17.5325 	-0 	17.5325 	13.751 	11.4592 	17.5325
-0 	-17.3377 	9.16732 	9.16732 	-17.3377 	-0 	17.3377 	13.751 	11.4592 	17.3377
-0 	-17.1429 	9.16732 	9.16732 	-17.1429 	-0 	17.1429 	13.751 	11.4592 	17.1429
-0 	-16.9481 	9.16732 	9.16732 	-16.9481 	-0 	16.9481 	13.751 	11.4592 	16.9481
-0 	-16.7533 	9.16732 	9.16732 	-16.7533 	-0 	16.7533 	13.751 	11.4592 	16.7533
-0 	-16.5585 	9.16732 	9.16732 	-16.5585 	-0 	16.5585 	13.751 	11.4592 	16.5585
-0 	-16.3637 	9.16732 	9.16732 	-16.3637 	-0 	16.3637 	13.751 	11.4592 	16.3637
-0 	-16.1689 	9.16732 	9.16732 	-16.1689 	-0 	16.1689 	13.751 	11.4592 	16.1689
-0 	-15.9741 	9.16732 	9.16732 	-15.9741 	-0 	15.9741 	13.751 	11.4592 	15.9741
-0 	-15.7793 	9.16732 	9.16732 	-15.7793 	-0 	15.7793 	13.751 	11.4592 	15.7793
-0 	-15.5845 	9.16732 	9.16732 	-15.5845 	-0 	15.5845 	13.751 	11.4592 	15.5845
-0 	-15.3896 	9.16732 	9.16732 	-15.3896 	-0 	15.3896 	13.751 	11.4592 	15.3896
-0 	-15.1948 	9.16732 	9.16732 	-15.1948 	-0 	15.1948 	13.751 	11.4592 	15.1948
-0 	-15 	9.16732 	9.16732 	-15 	-0 	15 	13.751 	11.4592 	15
-0 	-14.8052 	9.16732 	9.16732 	-14.8052 	-0 	14.8052 	13.751 	11.4592 	14.8052
-0 	-14.6104 	9.16732 	9.16732 	-14.6104 	-0 	14.6104 	13.751 	11.4592 	14.6104
-0 	-14.4156 	9.16732 	9.16732 	-14.4156 	-0 	14.4156 	13.751 	11.4592 	14.4156
-0 	-14.2208 	9.16732 	9.16732 	-14.2208 	-0 	14.2208 	13.751 	11.4592 	14.2208
-0 	-14.026 	9.16732 	9.16732 	-14.026 	-0 	14.026 	13.751 	11.4592 	14.026
-0 	-13.8312 	9.16732 	9.16732 	-13.8312 	-0 	13.8312 	13.751 	11.4592 	13.8312
-0 	-13.6364 	9.16732 	9.16732 	-13.6364 	-0 	13.6364 	13.751 	11.4592 	13.6364
-0 	-13.4416 	9.16732 	9.16732 	-13.4416 	-0 	13.4416 	13.751 	11.4592 	13.4416
-0 	-13.2468 	9.16732 	9.16732 	-13.2468 	-0 	13.2468 	13.751 	11.4592 	13.2468
-0 	-13.052 	9.16732 	9.16732 	-13.052 	-0 	13.052 	13.751 	11.4592 	13.052
-0 	-12.8572 	9.16732 	9.16732 	-12.8572 	-0 	12.8572 	13.751 	11.4592 	12.8572
-0 	-12.6624 	9.16732 	9.16732 	-12.6624 	-0 	12.6624 	13.751 	11.4592 	12.6624
-0 	-12.4676 	9.16732 	9.16732 	-12.4676 	-0 	12.4676 	13.751 	11.4592 	12.4676
-0 	-12.2728 	9.16732 	9.16732 	-12.2728 	-0 	12.2728 	13.751 	11.4592 	12.2728
-0 	-12.078 	9.16732 	9.16732 	-12.078 	-0 	12.078 	13.751 	11.4592 	12.078
-0 	-11.8831 	9.16732 	9.16732 	-11.8831 	-0 	11.8831 	13.751 	11.4592 	11.8831
-0 	-11.6883 	9.16732 	9.16732 	-11.6883 	-0 	11.6883 	13.751 	11.4592 	11.6883
-0 	-11.4935 	9.16732 	9.16732 	-11.4935 	-0 	11.4935 	13.751 	11.4592 	11.4935
-0 	-11.2987 	9.16732 	9.16732 	-11.2987 	-0 	11.2987 	13.751 	11.4592 	11.2987
-0 	-11.1039 	9.16732 	9.16732 	-11.1039 	-0 	11.1039 	13.751 	11.4592 	11.1039
-0 	-10.9091 	9.16732 	9.16732 	-10.9091 	-0 	10.9091 	13.751 	11.4592 	10.9091
-0 	-10.7143 	9.16732 	9.16732 	-10.7143 	-0 	10.7143 	13.751 	11.4592 	10.7143
-0 	-10.5195 	9.16732 	9.16732 	-10.5195 	-0 	10.5195 	13.751 	11.4592 	10.5195
-0 	-10.3247 	9.16732 	9.16732 	-10.3247 	-0 	10.3247 	13.751 	11.4592 	10.3247
-0 	-10.1299 	9.16732 	9.16732 	-10.1299 	-0 	10.1299 	13.751 	11.4592 	10.1299
-0 	-9.93509 	9.16732 	9.16732 	-9.93509 	-0 	9.93509 	13.751 	11.4592 	9.93509
-0 	-9.74028 	9.16732 	9.16732 	-9.74028 	-0 	9.74028 	13.751 	11.4592 	9.74028
-0 	-9.54548 	9.16732 	9.16732 	-9.54548 	-0 	9.54548 	13.751 	11.4592 	9.54548
-0 	-9.35067 	9.16732 	9.16732 	-9.35067 	-0 	9.35067 	13.751 	11.4592 	9.35067
-0 	-9.15587 	9.16732 	9.16732 	-9.15587 	-0 	9.15587 	13.751 	11.4592 	9.15587
-0 	-8.96106 	9.16732 	9.16732 	-8.96106 	-0 	8.96106 	13.751 	11.4592 	8.96106
-0 	-8.76625 	9.16732 	9.16732 	-8.76625 	-0 	8.76625 	13.751 	11.4592 	8.76625
-0 	-8.57145 	9.16732 	9.16732 	-8.57145 	-0 	8.57145 	13.751 	11.4592 	8.57145
-0 	-8.37664 	9.16732 	9.16732 	-8.37664 	-0 	8.37664 	13.751 	11.4592 	8.37664
-0 	-8.18184 	9.16732 	9.16732 	-8.18184 	-0 	8.18184 	13.751 	11.4592 	8.18184
-0 	-7.98703 	9.16732 	9.16732 	-7.98703 	-0 	7.98703 	13.751 	11.4592 	7.98703
-0 	-7.79223 	9.16732 	9.16732 	-7.79223 	-0 	7.79223 	13.751 	11.4592 	7.79223
-0 	-7.59742 	9.16732 	9.16732 	-7.59742 	-0 	7.59742 	13.751 	11.4592 	7.59742
-0 	-7.40261 	9.16732 	9.16732 	-7.40261 	-0 	7.40261 	13.751 	11.4592 	7.40261
-0 	-7.20781 	9.16732 	9.16732 	-7.20781 	-0 	7.20781 	13.751 	11.4592 	7.20781
-0 	-7.013 	9.16732 	9.16732 	-7.013 	-0 	7.013 	13.751 	11.4592 	7.013
-0 	-6.8182 	9.16732 	9.16732 	-6.8182 	-0 	6.8182 	13.751 	11.4592 	6.8182
-0 	-6.62339 	9.16732 	9.16732 	-6.62339 	-0 	6.62339 	13.751 	11.4592 	6.62339
-0 	-6.42859 	9.16732 	9.16732 	-6.42859 	-0 	6.42859 	13.751 	11.4592 	6.42859
-0 	-6.23378 	9.16732 	9.16732 	-6.23378 	-0 	6.23378 	13.751 	11.4592 	6.23378
-0 	-6.03898 	9.16732 	9.16732 	-6.03898 	-0 	6.03898 	13.751 	11.4592 	6.03898
-0 	-5.84417 	9.16732 	9.16732 	-5.84417 	-0 	5.84417 	13.751 	11.4592 	5.84417
-0 	-5.64936 	9.16732 	9.16732 	-5.64936 	-0 	5.64936 	13.751 	11.4592 	5.64936
-0 	-5.45456 	9.16732 	9.16732 	-5.45456 	-0 	5.45456 	13.751 	11.4592 	5.45456
-0 	-5.25975 	9.16732 	9.16732 	-5.25975 	-0 	5.25975 	13.751 	11.4592 	5.25975
-0 	-5.06495 	9.16732 	9.16732 	-5.06495 	-0 	5.06495 	13.751 	11.4592 	5.06495
-0 	-4.87014 	9.16732 	9.16732 	-4.87014 	-0 	4.87014 	13.751 	11.4592 	4.87014
-0 	-4.67534 	9.16732 	9.16732 	-4.67534 	-0 	4.67534 	13.751 	11.4592 	4.67534
-0 	-4.48053 	9.16732 	9.16732 	-4.48053 	-0 	4.48053 	13.751 	11.4592 	4.48053
-0 	-4.28572 	9.16732 	9.16732 	-4.28572 	-0 	4.28572 	13.751 	11.4592 	4.28572
-0 	-4.09092 	9.16732 	9.16732 	-4.09092 	-0 	4.09092 	13.751 	11.4592 	4.09092
-0 	-3.89611 	9.16732 	9.16732 	-3.89611 	-0 	3.89611 	13.751 	11.4592 	3.89611
-0 	-3.70131 	9.16732 	9.16732 	-3.70131 	-0 	3.70131 	13.751 	11.4592 	3.70131
-0 	-3.5065 	9.16732 	9.16732 	-3.5065 	-0 	3.5065 	13.751 	11.4592 	3.5065
-0 	-3.3117 	9.16732 	9.16732 	-3.3117 	-0 	3.3117 	13.751 	11.4592 	3.3117
-0 	-3.11689 	9.16732 	9.16732 	-3.11689 	-0 	3.11689 	13.751 	11.4592 	3.11689
-0 	-2.92208 	9.16732 	9.16732 	-2.92208 	-0 	2.92208 	13.751 	11.4592 	2.92208
-0 	-2.72728 	9.16732 	9.16732 	-2.72728 	-0 	2.72728 	13.751 	11.4592 	2.72728
-0 	-2.53247 	9.16732 	9.16732 	-2.53247 	-0 	2.53247 	13.751 	11.4592 	2.53247
-0 	-2.33767 	9.16732 	9.16732 	-2.33767 	-0 	2.33767 	13.751 	11.4592 	2.33767
-0 	-2.14286 	9.16732 	9.16732 	-2.14286 	-0 	2.14286 	13.751 	11.4592 	2.14286
-0 	-1.94806 	9.16732 	9.16732 	-1.94806 	-0 	1.94806 	13.751 	11.4592 	1.94806
-0 	-1.75325 	9.16732 	9.16732 	-1.75325 	-0 	1.75325 	13.751 	11.4592 	1.75325
-0 	-1.55845 	9.16732 	9.16732 	-1.55845 	-0 	1.55845 	13.751 	11.4592 	1.55845
-0 	-1.36364 	9.16732 	9.16732 	-1.36364 	-0 	1.36364 	13.751 	11.4592 	1.36364
-0 	-1.16883 	9.16732 	9.16732 	-1.16883 	-0 	1.16883 	13.751 	11.4592 	1.16883
-0 	-0.974028 	9.16732 	9.16732 	-0.974028 	-0 	0.974028 	13.751 	11.4592 	0.974028
-0 	-0.779223 	9.16732 	9.16732 	-0.779223 	-0 	0.779223 	13.751 	11.4592 	0.779223
-0 	-0.584417 	9.16732 	9.16732 	-0.584417 	-0 	0.584417 	13.751 	11.4592 	0.584417
-0 	-0.389611 	9.16732 	9.16732 	-0.389611 	-0 	0.389611 	13.751 	11.4592 	0.389611
-0 	-0.194806 	9.16732 	9.16732 	-0.194806 	-0 	0.194806 	13.751 	11.4592 	0.194806
-0 	-7.95139e-16 	9.16732 	9.16732 	-7.95139e-16 	-0 	7.95139e-16 	13.751 	11.4592 	7.95139e-16
-0 	-7.95139e-16 	8.93814 	8.93814 	-7.95139e-16 	-0 	7.95139e-16 	13.5218 	11.23 	7.95139e-16
-0 	-7.95139e-16 	8.70896 	8.70896 	-7.95139e-16 	-0 	7.95139e-16 	13.2926 	11.0008 	7.95139e-16
-0 	-7.95139e-16 	8.47978 	8.47978 	-7.95139e-16 	-0 	7.95139e-16 	13.0634 	10.7716 	7.95139e-16
-0 	-7.95139e-16 	8.25059 	8.25059 	-7.95139e-16 	-0 	7.95139e-16 	12.8343 	10.5424 	7.95139e-16
-0 	-7.95139e-16 	8.02141 	8.02141 	-7.95139e-16 	-0 	7.95139e-16 	12.6051 	10.3132 	7.95139e-16
-0 	-7.95139e-16 	7.79223 	7.79223 	-7.95139e-16 	-0 	7.95139e-16 	12.3759 	10.0841 	7.95139e-16
-0 	-7.95139e-16 	7.56304 	7.56304 	-7.95139e-16 	-0 	7.95139e-16 	12.1467 	9.85487 	7.95139e-16
-0 	-7.95139e-16 	7.33386 	7.33386 	-7.95139e-16 	-0 	7.95139e-16 	11.9175 	9.62569 	7.95139e-16
-0 	-7.95139e-16 	7.10468 	7.10468 	-7.95139e-16 	-0 	7.95139e-16 	11.6883 	9.39651 	7.95139e-16
-0 	-7.95139e-16 	6.87549 	6.87549 	-7.95139e-16 	-0 	7.95139e-16 	11.4592 	9.16732 	7.95139e-16
-0 	-7.95139e-16 	6.64631 	6.64631 	-7.95139e-16 	-0 	7.95139e-16 	11.23 	8.93814 	7.95139e-16
-0 	-7.95139e-16 	6.41713 	6.41713 	-7.95139e-16 	-0 	7.95139e-16 	11.0008 	8.70896 	7.95139e-16
-0 	-7.95139e-16 	6.18794 	6.18794 	-7.95139e-16 	-0 	7.95139e-16 	10.7716 	8.47978 	7.95139e-16
-0 	-7.95139e-16 	5.95876 	5.95876 	-7.95139e-16 	-0 	7.95139e-16 	10.5424 	8.25059 	7.95139e-16
-0 	-7.95139e-16 	5.72958 	5.72958 	-7.95139e-16 	-0 	7.95139e-16 	10.3132 	8.02141 	7.95139e-16
-0 	-7.95139e-16 	5.50039 	5.50039 	-7.95139e-16 	-0 	7.95139e-16 	10.0841 	7.79223 	7.95139e-16
-0 	-7.95139e-16 	5.27121 	5.27121 	-7.95139e-16 	-0 	7.95139e-16 	9.85487 	7.56304 	7.95139e-16
-0 	-7.95139e-16 	5.04203 	5.04203 	-7.95139e-16 	-0 	7.95139e-16 	9.62569 	7.33386 	7.95139e-16
-0 	-7.95139e-16 	4.81285 	4.81285 	-7.95139e-16 	-0 	7.95139e-16 	9.39651 	7.10468 	7.95139e-16
-0 	-7.95139e-16 	4.58366 	4.58366 	-7.95139e-16 	-0 	7.95139e-16 	9.16732 	6.87549 	7.95139e-16
-0 	-7.95139e-16 	4.35448 	4.35448 	-7.95139e-16 	-0 	7.95139e-16 	8.93814 	6.64631 	7.95139e-16
-0 	-7.95139e-16 	4.1253 	4.1253 	-7.95139e-16 	-0 	7.95139e-16 	8.70896 	6.41713 	7.95139e-16
-0 	-7.95139e-16 	3.89611 	3.89611 	-7.95139e-16 	-0 	7.95139e-16 	8.47978 	6.18794 	7.95139e-16
-0 	-7.95139e-16 	3.66693 	3.66693 	-7.95139e-16 	-0 	7.95139e-16 	8.25059 	5.95876 	7.95139e-16
-0 	-7.95139e-16 	3.43775 	3.43775 	-7.95139e-16 	-0 	7.95139e-16 	8.02141 	5.72958 	7.95139e-16
-0 	-7.95139e-16 	3.20856 	3.20856 	-7.95139e-16 	-0 	7.95139e-16 	7.79223 	5.50039 	7.95139e-16
-0 	-7.95139e-16 	2.97938 	2.97938 	-7.95139e-16 	-0 	7.95139e-16 	7.56304 	5.27121 	7.95139e-16
-0 	-7.95139e-16 	2.7502 	2.7502 	-7.95139e-16 	-0 	7.95139e-16 	7.33386 	5.04203 	7.95139e-16
-0 	-7.95139e-16 	2.52101 	2.52101 	-7.95139e-16 	-0 	7.95139e-16 	7.10468 	4.81285 	7.95139e-16
-0 	-7.95139e-16 	2.29183 	2.29183 	-7.95139e-16 	-0 	7.95139e-16 	6.87549 	4.58366 	7.95139e-16
-0 	-7.95139e-16 	2.06265 	2.06265 	-7.95139e-16 	-0 	7.95139e-16 	6.64631 	4.35448 	7.95139e-16
-0 	-7.95139e-16 	1.83346 	1.83346 	-7.95139e-16 	-0 	7.95139e-16 	6.41713 	4.1253 	7.95139e-16
-0 	-7.95139e-16 	1.60428 	1.60428 	-7.95139e-16 	-0 	7.95139e-16 	6.18794 	3.89611 	7.95139e-16
-0 	-7.95139e-16 	1.3751 	1.3751 	-7.95139e-16 	-0 	7.95139e-16 	5.95876 	3.66693 	7.95139e-16
-0 	-7.95139e-16 	1.14592 	1.14592 	-7.95139e-16 	-0 	7.95139e-16 	5.72958 	3.43775 	7.95139e-16
-0 	-7.95139e-16 	0.916732 	0.916732 	-7.95139e-16 	-0 	7.95139e-16 	5.50039 	3.20856 	7.95139e-16
-0 	-7.95139e-16 	0.687549 	0.687549 	-7.95139e-16 	-0 	7.95139e-16 	5.27121 	2.97938 	7.95139e-16
-0 	-7.95139e-16 	0.458366 	0.458366 	-7.95139e-16 	-0 	7.95139e-16 	5.04203 	2.7502 	7.95139e-16
-0 	-7.95139e-16 	0.229183 	0.229183 	-7.95139e-16 	-0 	7.95139e-16 	4.81285 	2.52101 	7.95139e-16
-0 	-7.95139e-16 	-1.59028e-15 	-0 	-7.95139e-16 	-0 	7.95139e-16 	4.58366 	2.29183 	7.95139e-16
